203
0 0 0 0 0 0 1.9885e30 6.96e8
0 1.495978707e11 0 29770.58 0 0 5.9726e24 6.371e6
0 1.499822697e11 0 30793.58 0 0 7.3477e22 1.7371e6
646516867581.0281 532383085391.2451 -290474603014.3769 456.1946575085704 425.85348892234407 337.00890753151884 1.4681081220941794e+26 128656174.35097232
753775728418.9738 29171485501.93871 -300028502263.68274 258.6366479859333 184.5818696753343 353.18837375484173 8.650175604317083e+26 71500467.55212148
216878224312.3217 516328451747.9216 -374949346624.2944 124.89245207903754 66.77361528952514 12.454641874787454 7.721905568886157e+26 545767810.2905767
823389962933.5895 734799931222.3558 -851367053481.1307 212.1213335247603 334.4421610204721 369.8613505890885 9.723938801903687e+26 135141366.31181428
130103354693.4639 432253318249.8847 -768292157633.8525 22.682850981128155 369.8402992161516 336.03427755084545 4.6195918336347866e+26 59201467.34185394
497291268642.4996 934939816584.9644 -155680381763.70303 458.9776452440532 494.280259268594 263.77113522521455 6.039623852805663e+26 604947739.1966825
260458440260.6433 477816652270.7034 -614493999544.5048 156.3069640035417 3.828476839885131 493.90155694909527 5.680239434167367e+25 685773396.4301146
191784650711.5053 722891793509.7765 -641958155397.4252 86.78734434040541 462.7148134671566 256.5284976409546 2.4138324573923474e+26 561539735.784386
608035990145.5592 912913398644.2423 -688220078660.5734 54.415730804353856 34.618367700273765 150.99826241944442 1.2803754438661663e+26 323190628.7474525
355382128356.3766 677996033738.3904 -676723226940.1028 494.4397242006942 186.4102416361453 87.92024168926527 3.617666085680136e+26 626306584.5189527
399875167742.6786 67207659877.55184 -68280638579.07829 84.84547009341964 402.18857076385865 330.25551518551214 9.307947159559426e+25 546733771.7800157
851002901226.4482 94707768344.92401 -818773162175.5137 477.72808884453315 418.4430560395334 96.1397991765115 3.7728049543170174e+26 3140495.966733825
677484835609.6168 662429342834.4437 -896212631489.5922 18.70963489108973 322.28242829119966 94.12066050538748 5.512378614786129e+25 212915919.77987835
861247657953.0042 322060786966.3823 -334628277607.3953 54.345662537491016 222.06348876866622 89.70560282245738 4.3919538183713926e+26 32060905.244660653
16064849858.79042 781857514313.9653 -962608318976.746 476.1846624215422 147.42925500127728 8.194994195605876 1.7001629657809193e+26 805748250.6808059
177357613249.8422 752551510189.5701 -46781811213.22322 358.50087622222514 456.00964299774904 221.55414038344594 7.970294657008049e+24 682867876.05825
736127399268.1328 283651038554.2733 -452454914320.36346 256.56518091836244 131.54976333228734 310.16088783636457 4.2244563145357914e+26 488754924.6764247
604996503098.8524 455176959127.4249 -665727243820.9038 414.6163105694157 28.67692698598756 304.8533366828939 5.8253624434978034e+26 794804691.7501305
659045493249.4816 21462864281.97593 -49862501424.590034 140.3860826976232 70.95515678821852 287.4070375992795 7.410129977815819e+26 746290083.2929085
888652643872.6631 845363008852.6975 -165292641516.5502 148.2751233989422 275.9017907064644 255.5859194028362 2.8843765670372713e+26 620456161.8318356
499367797081.2577 324827938983.3895 -24897953283.03934 311.04122031970354 293.1280633028566 74.12662265866405 4.244399751398137e+26 514945614.9288847
753041897750.0659 97819839296.45311 -780128563527.9912 318.71245341517397 414.28140842015193 447.5214740073198 5.228196700700428e+26 500382450.6701998
308966893747.2519 734379568184.8082 -104214515595.00339 7.5173408414339065 149.3440082755015 365.52407042387887 1.9202313238940093e+26 412940100.85301256
245449626239.9144 771912104981.9061 -654693133868.9297 442.0662029447507 417.3526806896032 8.462747386104807 3.9121622698699586e+26 423650330.01546735
227581558278.8326 419547366438.3385 -314311571118.5425 256.38780891285603 109.26099005187024 448.40024322897125 6.19533638768632e+26 693743193.1856934
730079942972.7427 459466614425.0024 -464735229720.6406 282.8829270484237 37.354869562296614 12.901736414572373 9.762213945639378e+26 981823792.4436879
279609182188.6101 281266349759.2912 -842785567882.9792 30.374180449441624 113.26442979028323 247.5373287572637 4.0495589787614864e+26 250394915.74778894
13734791642.03097 967615894737.1255 -663173162888.768 195.52437506836208 98.50445417683528 76.73105400526565 5.846765393996427e+26 40179720.35804951
957819649473.7407 324032753182.5716 -926357417944.6671 267.450643293861 329.73805514111194 118.86902677337069 2.357111349896147e+26 879880674.7108005
579950710940.7843 284863676629.3077 -471414498121.9368 277.32754591667486 182.26624645343358 50.58493892244248 1.63263080888026e+26 994652899.9665458
797032989218.7684 439795659423.4746 -449925335429.7007 429.51976685532543 269.7856588499455 153.20637611893395 7.724076846227824e+26 37782812.84225038
857929783157.2034 970105779154.2927 -380845712121.62634 123.25842864737035 300.07373001382626 268.47276366439235 2.9828396507762968e+26 34293686.36985108
395554433284.2324 267081362756.6076 -20492799233.641666 5.2806771568834066 468.5180986904032 371.46596743584155 9.294310011004977e+26 864320962.2053024
30205510115.26644 536291409635.3758 -819923655570.0892 421.7453355572284 111.64903803817839 282.0530391349097 5.839271960101005e+26 395028116.17046195
313382823009.5314 955445936833.1067 -537286860813.1526 361.031526234013 22.3668574496238 443.8005717103751 4.571638473897657e+26 618735206.3821061
73117159459.04214 485805729975.3549 -347560339418.6305 129.4132136246231 160.6999613515751 416.2954611986878 1.7731004955104268e+26 377512666.07879394
644462744577.1164 366146915634.9405 -135630242104.23535 306.0079025503263 362.8520561040296 393.30433815202747 2.5490611150149412e+26 163305727.34433347
928369359690.6624 719358069232.2578 -308544900947.3136 462.85157819256887 22.95420086910971 292.5577452204882 8.265013733580009e+26 975570247.2588899
377994583383.8774 265804664628.2335 -263017398532.45508 113.05089065607832 23.960630808703364 234.6482130381317 1.7950228417021684e+26 718482986.1074404
993552860039.4014 986060928546.8293 -181592352919.28778 71.04486178143115 388.9436022516496 258.92257647528965 9.120716007911312e+26 174510271.4504455
258122484745.2567 502736402616.8396 -690274868395.0222 245.8074203004838 371.20673722459003 444.8987032481326 7.633466089357652e+26 748942250.0043563
469506082488.5896 475559987548.5535 -679441985116.7653 84.33800113592582 486.6570110573463 211.13224847880468 8.54628355210036e+26 602193377.3386233
281854707471.0035 167157328854.1582 -151465097997.86334 366.99190914338305 44.96719201356147 302.0960776193564 3.6382905386514465e+26 445089885.3877705
792425667680.9719 176222193245.2623 -904637800996.4325 147.43709373080355 299.2371438350243 205.76325608484896 5.951435904290239e+26 14681818.131693225
486047753915.9663 159505716123.3807 -643989953841.6062 195.1170026217886 68.4767560181273 104.65655891479325 9.150441288554861e+26 396425670.9435252
593466944036.5818 174447579963.5266 -462987773944.1774 256.5880431279799 288.95656592188095 244.13995657224535 6.816481652329265e+25 243979548.25143543
99798168579.29935 722142280691.3141 -34296492272.967716 402.6840060117304 393.2152025850055 181.96942186015718 2.6829036343624323e+25 108186490.00506519
482847300887.1696 28424382176.34757 -912361848704.6453 480.3406744186 79.70948947124151 260.77909790813345 8.895884599851522e+26 583045730.2669656
964105832306.5636 431308278236.6529 -495479336796.289 157.8857227498901 225.97427162462418 74.19822036420054 4.3086162000930374e+26 555815854.542268
668468932011.8934 912370197829.3348 -635279758092.6752 272.2597806042352 494.0720143865756 8.46505721722407 3.039833849895629e+26 402763579.695856
185868647492.6138 985492163874.2494 -182373620917.7891 329.68844807460744 224.50619829711889 302.6723801928 2.6259110552040432e+26 803616112.0934967
478959862920.3924 652292719329.0305 -67271249599.31019 221.5068910122045 60.89995299920753 477.2479061195406 1.4807015669219359e+26 172354182.56725633
991821775012.3364 793980742199.8839 -265583172039.227 437.12779919700074 392.88137436617706 153.21023984587669 2.9808682278584497e+26 300220623.94019854
112806876990.6639 633055374212.2666 -430723276702.6646 145.0818313525173 446.064647353054 28.34977856902965 2.590745612725639e+26 971231637.0829134
236844154562.0039 64501248490.22132 -522121881325.5768 144.90916026954682 250.10524302507164 198.44536171134436 5.6960914457533066e+26 68902283.97837828
687693045470.3844 913341639326.2858 -813145794945.8688 496.3117132591796 2.8017772341805136 385.3210276878687 6.605169075164663e+25 362610136.9690303
-489698031021.5435 390230034209.6560 -747602484245.7909 187.28675083417085 333.8927886970899 301.79795917148175 4.924505514376081e+26 704265809.6051347
-566172630249.2096 407062808704.2385 -288666168451.37506 318.2320806920637 125.76076884471077 241.14701622522773 3.374933779894879e+26 347230395.68705195
-524990934934.9339 887877144642.8818 -502578096671.5957 374.2370529205331 436.72807109978476 360.7837064926031 9.780099243740028e+26 881654628.8339651
-516426144135.2896 87497817093.99873 -999658178344.697 225.19235567170898 84.66276954841146 338.3462285659782 5.703198902487964e+26 263445987.82938433
-30750718933.54597 146392724697.1069 -443110901671.13434 407.273469742173 2.1709176067563063 262.3586563988629 7.929257593905575e+26 827948957.9488413
-637868163547.7805 248549832810.0387 -629419778481.019 176.44511262278456 64.56355544360848 272.20968498886924 2.269065004982621e+26 711563865.4814913
-473651122871.4010 188522642175.1398 -418078864911.8184 308.0421178505434 1.2299046111544087 245.58890776184444 3.881924705935571e+26 333501681.68706906
-244773757080.9851 844900781382.6599 -600263861323.144 377.6531801944797 181.10041424159874 395.73561144107765 4.697061887872528e+26 980323763.4999335
-56718596375.50558 819970983959.3179 -858425810303.4758 337.6781861966673 338.3911453707843 167.47625839566533 7.683524039957973e+26 829077348.4447904
-251458824691.8271 693185307755.2885 -786648671246.6329 108.42165369864799 466.09930688359884 416.98596548511705 8.201874309897344e+26 544514950.7575811
-494237528871.6081 154003298860.4543 -845456187531.3868 228.76906416720055 212.61576590252517 271.0262244744553 5.9095768640777434e+26 66792872.00557637
-40576246645.65173 61899027477.61289 -837147566604.2987 165.18946032614662 66.3123385395208 498.3730673815805 2.443417782309132e+26 68094121.04713741
-293713649385.2254 691814056516.5564 -677437792055.4899 228.66648951272595 150.71195516642626 254.4745432095799 4.553771836132505e+26 484563076.0456082
-472942979490.0373 158569783475.5945 -437971768892.1863 65.28107564650476 446.5878814951066 493.0722893179819 7.751698508542478e+26 725700834.179967
-490806171018.5914 843821227313.3177 -798063504634.2747 316.87537889655823 265.3827182564261 290.2009869642058 5.1841823368411546e+26 304375281.96160626
-857622068623.6771 647418322163.1222 -962655111864.3047 50.82899225660697 359.87355413145957 186.3440595406205 8.456002417663456e+26 742042581.6712086
-596345630951.7432 249099139529.0264 -659903633955.1461 248.92510134184909 181.7139090352954 19.99822222942238 8.420859044009004e+26 884733853.3429776
-55524531186.67089 231152182335.3478 -516833764856.02325 138.7463271906899 219.3303601100232 6.348871975725534 4.258140934600242e+26 20215085.38265726
-192364192801.7306 74446608689.24846 -481788791733.03577 437.28855365791446 251.88374011931407 268.4424137466613 5.789276841321707e+26 448173880.17096424
-409819072212.0637 121038002419.1023 -683289967090.5905 262.1718587808126 483.6687861911866 427.1323616376042 8.340996916122766e+26 288648001.9641744
-192556725834.8939 549347073987.1904 -982073732532.7965 297.4166579405136 484.4922946379599 408.8155813288319 2.2478077763425696e+25 578329848.4880886
-495419272806.7757 303339856611.5343 -671998739354.2625 443.015757100087 127.77763381113161 486.6178354575028 5.831605379046145e+25 880302761.3205053
-833792436992.5994 511262426833.5663 -528894606302.57336 421.1651290917219 349.1608821864093 232.09055051576982 3.263836650289057e+26 986443703.6423556
-507864245584.0348 643995571345.6779 -672849259297.7948 330.2101180701493 28.200837771782616 106.5867687900735 2.859645284492315e+26 412876308.20862186
-865936931325.6343 999799882163.0884 -867819747200.2623 26.015825287510896 190.6598255226617 147.29140049169987 6.50190721971138e+26 587856344.3313168
-410669998971.6613 72226563047.52705 -739814012537.2836 22.868676779693896 278.15187115246454 58.05405066671299 4.184067536222713e+25 126804110.59998986
-340000658889.0408 325047445548.3022 -142514275025.37106 463.619303639078 479.8789813154528 351.5445986873424 4.701797384360031e+26 108561785.50626561
-762447617389.2083 499820206314.0009 -760149477393.5055 88.89282233722018 493.33803175617317 306.0703308670471 6.736406505955203e+26 209963616.53386176
-53393709287.62710 276586198304.4333 -653048289059.1011 106.20412763635085 54.29582008250061 434.6910645397082 8.0417717246603e+26 225760565.84357783
-216059651424.6706 605119172831.5964 -262515801019.10645 447.10564856032613 191.2759675088053 325.9789278436504 5.550208517461799e+26 919265828.611645
-449671156704.1772 91579192664.29193 -870607609175.6198 410.2330777913785 164.40544600306413 213.91899247492918 2.8494857383512694e+26 925622518.8545449
-586317232008.0612 554900708656.5533 -667237746984.3137 423.3520731737892 383.0036515821262 464.6387428069203 7.128436892537256e+26 4645037.9667083435
-182604664560.3432 653332578231.7511 -991660841293.3151 77.58064286110061 35.454949100421906 358.2460603356743 6.353346820619971e+26 280655843.89701957
-356144172283.6692 837054233967.2378 -183469980171.69058 242.60697687153592 29.176529790964135 145.57351380985784 9.798182616081998e+26 573538708.3224612
-973727514987.9767 577571610314.5022 -827728614036.1346 379.9576230201722 320.97279828801805 311.6010830357501 3.417304897847372e+26 628031046.8262696
-167238441057.4657 897704249365.4038 -260803437426.5744 335.93560723862123 359.5258790351493 341.2589447043874 5.863734572713052e+26 328182799.97167856
-199265708562.5522 836338417983.7527 -931739042677.2528 486.1719160048178 110.01949437634629 475.109164077299 9.972119000839065e+26 423659683.67321426
-523294371212.5333 947088144764.1388 -129129189887.04324 449.3364826677927 60.93637992886519 227.0083120724284 5.1160758442773804e+26 41851897.058873154
-26128688020.02743 100374739755.5616 -195264040965.91586 404.3074090419656 197.7673431720815 101.6684769747902 1.8264241512821344e+26 295825561.42387253
-341484393039.1348 501759717023.2679 -356982842313.31714 206.84322659839742 6.667204481429712 180.16576533498656 7.610516186337911e+26 691067762.8142667
-377416350509.0323 360588544929.3763 517636729058.2956 113.55083814422595 186.29667356406293 34.97666793972976 5.803007212266588e+26 571446159.505281
-932057519421.5842 536069441442.1073 716786505437.2974 346.7757972760088 385.07773546956395 408.87854110524495 1.90023236607609e+26 225138111.7714163
-45890139851.60107 102260928165.3541 306785606884.99756 165.93430014900014 180.5755141021767 486.7075184961223 2.0095454700758654e+26 473591697.2158632
-561555039228.5247 628261384018.6166 863192361285.577 430.0491365012787 460.4138306305615 240.54975968264114 4.91265222556253e+26 580826301.4961159
-449374708784.2463 905357296726.9337 82251742170.29684 470.6264695661481 61.476705680606536 368.14083046760186 4.727713197746518e+26 935452025.3217893
-611223042137.4988 746533446898.5508 678670232285.4644 62.831949423156566 205.09754246746792 203.42060685360158 8.387135403007781e+26 220424564.76949322
-814790510060.1276 201523015009.0373 289315548016.319 499.42347578184996 233.13987157348942 247.49861975031428 8.125044715882755e+26 737267420.3016399
-960374892180.5607 442082440498.7559 943740254081.0084 457.36886038539734 166.37851004390174 337.8727695647305 1.95902525810728e+26 444905145.64212626
-36417021056.14342 539030381001.8987 112922786297.44145 234.11016336003087 173.95393622748483 49.963346784170746 8.846857560478592e+26 275774229.729263
-519090886200.3499 198698927198.6699 772812071957.9095 131.27377363765746 50.51378578852006 302.057999014197 3.628509178428426e+26 829023161.26546
-871763140454.9164 417873154669.4835 875328633886.1725 459.1150859481275 289.1943846146813 353.92660189737296 5.0858439600350583e+26 612768080.2968073
-96736516766.10562 122795543419.7255 608523826619.5938 457.726482040747 100.76553777927278 482.89061314175774 5.310200550651969e+26 744910229.3220706
-564170448640.9254 333937302068.3100 452835671709.3895 127.19652783261975 412.1585673923451 403.61836297874066 8.588156269365268e+26 118308182.73402677
-545777281779.6466 401960025927.7156 256093379134.5803 139.78936152418592 284.0890365978352 174.65975135945072 9.055076520614123e+26 709017487.7532965
-933950734031.7395 137795784672.1448 494287838477.33624 102.25963958218243 209.20856099715962 3.437465092856473 7.008063240526379e+26 956302933.3087212
-431809317144.4085 746343696557.5209 356951850152.99866 481.4002796015684 417.7289063458822 270.84525997556716 5.812078597744489e+26 544405009.2842197
-680206679983.8064 787354968194.3498 865823418417.273 44.35008887235209 73.44351129522303 400.6448493255795 8.74458703363445e+26 929823929.3474523
-408956468733.6581 738544170432.3872 500297847184.4297 133.6319703737685 276.7324645051824 124.16945339205593 6.176371681832716e+24 993234653.8776023
-228908518390.0442 706869577213.5305 235629623698.61084 56.872181320551164 150.98499413103139 238.87581928145306 4.1667414036814765e+26 307359660.8689341
-689687168743.7853 554552332977.8005 956492089303.7452 196.21038235064404 332.8698496135706 220.2724063974274 1.628812325586432e+26 537934039.802001
240295116172.9826 94838917926.66821 510375563582.81256 280.66031060507305 221.17870489962644 133.92252790397262 3.952147836704785e+26 928909642.0989151
728206675816.6859 457973720650.3331 526497799147.0682 308.6135612659311 143.70628952608357 292.69185615992785 7.935901519026067e+26 596600382.104247
803232316789.6376 984954500118.2715 265256561928.4234 19.67385672465599 376.29148152493946 70.38546633429443 1.9512982546480752e+26 478848715.95529956
630016025754.4724 712564651798.6619 625784171181.1487 296.86197342836147 352.75462803884517 326.5026268452991 9.775164261290267e+26 789870215.6197104
427377892010.8548 450324209605.2250 266922235674.24155 170.52807252831948 337.65807546222976 354.9251686218617 9.183176139337435e+26 930932417.0920062
596198075273.3975 806583751303.0168 83238131087.69751 414.7445973875473 245.01317898702106 439.0671925955815 5.889191410292193e+26 661740174.0511606
400893400707.5177 97921551283.26175 259040981397.47568 457.4329523139512 144.07022972385408 485.316671925647 7.23082630158568e+26 939681172.5655363
487495556673.3673 525562760646.8757 650896323084.6593 346.9920925981865 199.8031315218712 463.6581259834898 5.914605410926086e+26 630388065.8516213
484571569214.3753 789156004269.6298 749311483724.2643 135.49341738456317 45.14189911844002 477.3775900464959 9.703664362470741e+26 373830861.25896513
173611489249.9375 59262432876.40053 148719767380.0308 189.9033286908568 278.20159600809706 394.42085658055476 5.0687902389625175e+25 42551551.72595393
750118675040.4086 867715371446.8995 664655514413.8888 172.12501943976093 328.98695778268456 458.16128551884384 1.1776661502100626e+26 912658533.5181974
781958021493.1439 316431664006.0608 305112886514.1418 244.53113974261808 28.39062044930174 47.984537891115565 9.498226178757852e+26 585400773.8052491
556491721417.9510 377533439634.0783 381420799336.7712 136.43396764631848 51.44608029347369 222.9232434316213 5.027591883830914e+26 333421289.2924586
994175272271.0873 329099852123.9354 637955845281.5862 206.7584363310259 484.288888929296 87.02724282595103 5.7611037697428413e+26 766244931.9246788
752296532865.9531 193157284264.9224 381319360135.00244 69.55533499990474 465.1111923318187 96.04327846265221 5.26468583647176e+26 511513254.8369221
384087814890.1741 867285541869.9501 453802506437.45844 47.040474095641436 183.34370899432656 210.48835544600735 7.839752669790201e+24 532361807.8421508
550199989640.8949 646063024929.2534 556623184233.8116 339.5210187503928 204.42386963174215 459.8013829438372 2.693661928821991e+26 407361116.17805713
180823315844.1491 267909565318.5128 670717949683.6749 295.76416632421217 277.41731534431034 264.64029747845194 1.7692947782124656e+26 167720886.4805734
680001081186.3354 711435232755.2109 453974082421.73785 183.72014671154068 441.2659828382104 351.67547497115913 3.397778180077905e+26 288639804.2224613
893770147433.2577 644883671893.7666 804337441446.432 64.83662633132236 422.59098439066565 320.7022157874602 4.4014918996961404e+26 948102546.6418846
533120502622.7420 907945147152.2146 90800386638.7731 175.7655815826249 433.0459350664631 325.84592195637987 8.331912845165159e+26 510476823.05539346
474699051764.9712 18009670814.53164 744569626985.7976 49.88881669809447 456.6481869164849 409.97240276226034 3.072722606130819e+26 594369467.6673676
268233245320.5231 679373545895.1962 195443716063.98892 186.26136554816404 442.88134063832575 233.78545802759382 8.914157123182494e+26 356073882.5296934
573132292915.8640 712336685142.3032 633683773078.5276 295.7110119618542 208.43133958538502 489.4922195886984 2.9533231926768467e+26 50043263.32158071
503588577099.6159 911194538780.1680 607326695580.883 142.37521723663525 238.60988115788408 11.762648401450914 5.155063456608957e+26 527833323.6258032
609005460910.5819 883536229474.8112 154212073450.08405 125.0764843231974 495.60026190312567 100.87044481107132 6.20267450081119e+25 489285302.0655946
351510881479.7106 155249691251.6413 644655964638.8806 33.35643250621412 332.56515583268964 60.48800244276897 3.9865209309803016e+26 574049488.3186338
56977333429.19697 202432101778.6161 753428109873.2654 237.5858792255342 295.430404844857 266.6322788731975 5.662042439887105e+26 606349705.6588126
938413358466.0009 535435247871.7642 505817644421.52655 168.24405650715647 33.15541502191677 436.23348381746456 6.969165910557666e+26 677389382.2024999
733916479973.6014 649958224299.6803 258100410642.25797 21.376367314744737 212.83082828398463 204.887377837436 2.461593765830542e+26 457141448.02395517
321418436233.3179 698810894155.3037 863780954370.2383 96.4205582340652 409.86817420527393 181.41163668468468 8.078539582607883e+26 980628226.9298545
250806090531.1992 425658923440.9319 896936378860.3175 472.0471226124836 218.9840373968822 80.68384825312997 5.8654679577323045e+26 106337283.38508275
70432653157.91025 527545634144.9118 150803376764.67337 419.15343842332067 60.9159824978745 216.81108962189387 2.0550045663059958e+25 181743058.08836478
953275420568.6992 109875408131.6544 277949985689.3499 476.34087050087334 235.051394538004 457.6562760571802 9.615752516232934e+26 356259882.04270184
146891595274.3686 990904432444.5890 250499152593.68106 135.82875838894248 111.2109695384763 388.8959477548074 5.489432766570816e+26 306807523.9767293
834846583637.1202 363568668443.1203 72294777229.2809 417.28524229403075 157.47990840850102 67.13690594318156 3.874014010226541e+26 853714575.7344741
24899954228.22788 796997669539.8447 760949842432.8154 27.855295120564726 103.92057005663708 227.878499975416 4.4446959976238335e+26 953274400.2314689
402434018132.4762 111752459248.9390 651399287867.6124 100.99250857638043 65.11319235537277 469.3654580807573 1.1284992462490816e+26 215595635.6132871
905971892109.5570 777798451539.7739 271790449374.7435 70.00078806127885 411.5281979168309 448.8851366063605 3.5461193354096324e+26 631745685.2054721
302143334063.8982 498812366304.3489 157606661035.4221 277.1925144741543 40.41875499763553 109.20335991180829 5.99753700346899e+26 151222049.17624903
961919173641.4597 474473928067.2416 682735025577.5422 256.5096402687926 195.0527373574384 100.94399648044366 4.980441936582718e+26 787495522.4240085
713732479827.6561 344585598398.8011 789885574539.027 60.39388986112265 485.4995681833826 165.94012933257935 3.314766194966108e+26 451138473.86531955
216807451202.8378 73070759308.34361 74259073202.7022 468.9985671388717 431.7093961516435 271.123546346135 3.0342065997751032e+26 834574480.816808
370079555195.6634 728613581983.7113 668996627000.0277 241.99044872360187 453.6189905739474 286.43484605000896 4.7087337031613006e+26 82063944.19504848
108077920332.8892 786748199574.7822 278332993876.23065 402.434121108906 63.88040654522859 249.10803363648486 7.406629811841488e+26 229503758.00620037
443995777621.6437 325190855852.5487 148934675980.69876 44.5406332168356 446.4784454728058 449.61639545703133 8.57500497023558e+26 544086270.6573011
33856131482.51454 653014457200.1265 235176676275.58035 317.66249089628036 135.5312567223581 120.70085943988317 8.035686987656065e+25 634139142.9829687
213388568053.2948 711198048662.0422 29392597758.126637 95.60844121843537 176.00098215202908 79.4432268276023 8.011155855330419e+26 230179691.19804892
479493056484.8232 390797154396.5819 575928913739.5656 484.1472781203636 451.68285372254786 382.5016075243443 4.161187533116975e+26 977509713.4179456
525355220570.0624 917503898330.1711 723123835070.9653 492.28675163217844 75.9744012594315 257.27054676911484 3.276108977134439e+26 542317304.7035365
753330388818.9675 855408378518.2340 834193104068.8131 134.82397661459282 113.94734077327007 393.5942890853803 7.963344286088162e+26 382349091.22435576
705841097815.6772 549097663465.5498 449903097231.2969 35.041289870928416 489.840015232236 256.92802914974646 9.62432056748714e+26 78461102.23971637
104864726093.9442 411612904919.4765 686217979433.8246 312.9356383433454 463.2329790085449 456.6738810109986 1.4427603934853295e+26 163007491.06878254
273791906385.8049 870211614914.4203 78598349269.9005 30.45722895004793 255.7962096057732 296.7967750849134 9.08048230895343e+26 506249512.90666443
390320552053.0271 924637685463.9348 808041386047.3053 71.216751081561 415.0578261847443 188.4200087714397 7.69254149090458e+26 764591446.944487
502360313522.0110 370277076023.8132 588508579323.1906 408.2120008284912 459.1213294041482 159.9227582087399 5.4907061614836386e+25 314035035.48750645
542106632774.3008 980799470194.4679 3136253420.9994354 293.5217429189267 195.30769034294337 42.73115229376312 3.3073532937352665e+26 293050385.87761647
730891195289.5482 247392604792.7698 597002990654.6938 217.37095020636065 30.0117796102653 222.37626614995997 3.7729872808329215e+26 132751241.8450485
169140475123.4159 627346166874.7408 544121785030.8973 438.33616310206094 465.98097551965276 372.89901861812365 9.461396546556649e+26 752055832.35162
244782912787.4072 444552738345.4907 757332168814.4612 370.6578003910269 454.98644688905534 478.36556555413625 7.047609993060666e+25 377337773.3388068
816267341420.2216 11346829911.20372 795716779408.4766 357.9116962658116 35.115566471284275 238.70960554331987 8.156528223124464e+26 150458256.3038579
647996172069.9269 789882422035.6732 396845821738.7153 487.8197687356013 201.66410674480596 293.59050118414996 1.8762647246023923e+26 877422763.1227674
250447840975.7003 211550004950.5726 438768619949.3155 262.837477646735 432.5718141940911 47.37332937768984 6.666576551482445e+26 937000987.6288842
205643293736.6063 680123075632.4512 407514069621.8928 175.2360977617786 302.59764843483225 5.697627460204191 4.210192543520044e+26 324256729.5960279
730372738048.4395 4910524500.093438 875488591851.6501 476.8195163537644 2.3057306086756713 13.480816207071534 3.715043849088929e+26 674578161.761857
606189857075.4207 64897954586.56200 973268145310.5304 418.98460190613196 425.83706874391197 300.79639624044404 7.903616032102236e+26 594944045.7131047
304206301363.4507 856085960287.8230 67401944913.102806 415.314663599094 248.3007926869597 153.0127816124251 1.2981721004979318e+26 389644509.57851416
616183274369.8838 555903896893.4829 213785354144.84744 103.11804657262219 412.9355550839869 452.44159872374587 9.112029955789477e+26 901321510.0451722
555378286156.4464 316619771014.1112 453325463681.90063 20.400275255427648 390.89093670226714 352.9361235332761 8.294623223143559e+26 469936380.8636232
521052845381.1135 433099538432.4315 314933091197.8865 229.31267451912268 377.42338839295155 132.34081280679928 2.5834931565371445e+26 269746601.735772
689827580101.9683 370447976205.5067 607620534022.5519 67.92183840678301 251.8479063017955 130.13012712206324 3.7254929053099674e+26 689740271.2930245
11209812530.27608 563794898039.1105 779486203102.1638 405.2597603795855 87.48682053171541 111.2226757753394 4.138480652599641e+25 971049773.0565441
341699326827.2449 490147261841.9952 489398212543.02716 31.562262500141102 496.9269523135413 374.8351058267131 9.36359582544616e+26 452167412.106399
627005081210.7014 81206989441.67526 883372012908.6029 487.975291378391 313.1278998303592 474.68505524607116 5.3021822357039115e+25 326277541.3601294
975746445063.5940 817753662928.7247 358945636040.91986 288.3867628923812 447.1339355887267 164.34086919326745 2.6312200501365137e+26 11712341.432518424
930559421572.1833 821588365117.6481 110398708118.00412 167.9906161511562 255.96488152446668 241.87967132950067 1.6696819641381166e+26 385146580.04292035
573916809829.8100 467747012798.8800 406964908718.98706 362.66527971561663 22.75221057850124 459.91194584412057 2.387473991505674e+26 966567689.0076114
813290620062.0452 299097793918.0295 85308365035.88379 395.44110404279803 219.03630512143275 357.5865318100717 6.851780054787133e+26 423430521.8640567
262163005829.9892 306791616598.9593 775916758407.4729 199.22929001413448 80.9818773448614 333.78825150754545 6.89888137354327e+26 178298129.77071247
539029666949.6534 78672081508.00764 98554555068.05655 203.96439862784464 187.4521569735414 461.13870581946884 2.7079162278251245e+26 140534457.78033134
899786919185.2611 58062073250.80215 259207909969.30444 224.45834884318649 249.38475463138622 106.47440871764103 6.7453243669231e+25 807971813.4880753
954499022521.2396 796542490587.2106 263721492805.32642 48.053254196580966 91.24023130161063 351.8398711303886 2.8402560268313014e+26 978943294.936494
278901136727.8271 219160537688.1526 538785091296.29724 487.4249524252146 231.18046414732325 138.31395759738075 8.874327227486347e+26 375500098.2830371
25781504176.73941 759847540326.1139 616340812815.8865 191.24434244941546 496.7977986086854 355.3405614733146 2.3199769249853032e+26 257701226.44571158
