356
2.29139e+010 3.99383e+011 8.51673e+010 11179 -1727.49 8616 8e+027 1.2407e+008
9.08952e+010 1.48665e+011 3.01091e+010 -9513.92 9784.09 10508.2 4e+027 9.84745e+007
1.3032e+011 9.16254e+011 6.48217e+010 7001.64 836.692 -2138.31 4e+027 9.84745e+007
4.56261e+010 2.27448e+011 5.41322e+010 27709.9 -9274.1 -5582.37 2.16e+029 3.7221e+008
-9.83713e+010 4.53317e+011 7.8591e+010 18836.3 -8400.66 -6323.07 1.2e+028 1.42025e+008
-7.02656e+011 3.18827e+011 1.33548e+012 -20954.7 2122.24 36590.6 4e+027 9.84745e+007
6.29536e+010 5.43788e+010 -2.55488e+010 -8713.22 1393.35 1851.7 8e+027 1.2407e+008
2.50786e+009 5.58509e+011 -1.00705e+011 7805.4 10222.3 -7773.26 4e+027 9.84745e+007
-4.20463e+011 5.18855e+011 8.10481e+010 4248.4 10696.4 -3019.86 4e+027 9.84745e+007
-2.66603e+011 1.89745e+011 2.11718e+011 2363.93 8352.8 -1959 4e+027 9.84745e+007
-2.11966e+010 3.36248e+011 8.83222e+010 -2368 3096.04 9803.42 8e+027 1.2407e+008
9.90806e+011 1.86029e+012 -3.32358e+011 7933.37 15006.5 -2731.68 4e+027 9.84745e+007
4.03693e+010 2.69908e+011 1.16828e+011 13620.5 -9996.02 -20064 4e+027 9.84745e+007
5.88346e+010 4.66154e+011 1.08646e+011 9822.72 -9061.01 -7839.27 8e+027 1.2407e+008
-3.66502e+010 6.20089e+011 3.5182e+010 15577.2 709.967 -1931.93 4e+027 9.84745e+007
1.98752e+012 2.629e+012 -8.9601e+011 12423.3 15941.6 -5050.98 1.6e+028 1.56319e+008
9.13844e+009 1.68921e+011 -4.05975e+010 -6833.79 3288.98 -10648.6 4e+027 9.84745e+007
-6.5783e+010 2.9273e+011 1.35251e+011 -15913.8 -6265.97 -10371.6 4e+027 9.84745e+007
4.05976e+010 2.04078e+011 1.11701e+011 -20872.2 10964.8 -455.737 4e+027 9.84745e+007
-3.99743e+011 2.66001e+010 -3.68701e+010 3821.16 12140.3 1698.57 4e+027 9.84745e+007
-3.78665e+011 2.36494e+011 6.50695e+010 -1991.6 13546.6 2733.95 8e+027 1.2407e+008
-1.25801e+012 -4.18172e+011 8.94445e+011 -39624.4 -20451.4 25691.2 4e+027 9.84745e+007
-1.14088e+011 2.54442e+011 6.63154e+010 -9723.77 14422.7 -1046.87 1.2e+028 1.42025e+008
1.96323e+011 1.05071e+012 1.81987e+011 5888.26 18837.9 2239.09 4e+027 9.84745e+007
-8.24541e+010 2.45435e+011 5.63871e+010 -3146.22 11663.8 137.937 8e+027 1.2407e+008
-1.49677e+012 -6.51641e+011 -1.99843e+011 -8280.56 -497.975 -1385.96 4e+027 9.84745e+007
-4.41176e+010 3.08092e+011 1.75936e+011 7109.21 3575.34 15856.9 4e+027 9.84745e+007
1.9217e+011 -2.3693e+011 2.70436e+011 -3314.17 7683.22 -4278.3 4e+027 9.84745e+007
3.89466e+011 -1.63161e+012 6.52703e+011 7342.3 -37159.5 11617.9 4e+027 9.84745e+007
1.36061e+011 4.23506e+011 7.68946e+010 6063.35 -6360.84 2168.19 4e+027 9.84745e+007
-1.8139e+011 1.80964e+011 5.82185e+010 -11473.4 19942.9 -3257.69 4e+027 9.84745e+007
1.25474e+011 1.57097e+011 1.29301e+011 -11896.1 3524.69 -8846.41 4e+027 9.84745e+007
1.45841e+011 5.05112e+011 7.69893e+010 7411.02 25215.1 6368.49 1.2e+028 1.42025e+008
-7.34433e+011 8.13341e+011 -1.69809e+011 -2152.38 10308.8 1206.48 4e+027 9.84745e+007
8.18692e+011 2.1894e+011 -2.98353e+010 -5378.51 -3458.16 270.55 4e+027 9.84745e+007
-3.17544e+011 2.21199e+011 1.11536e+011 14491 -227.432 -12180 4e+027 9.84745e+007
-1.91245e+011 2.72372e+011 7.41762e+010 7524.51 14876.1 8495.91 4e+027 9.84745e+007
-2.27924e+011 -2.1113e+010 3.0433e+011 -10028.6 4565.88 -2524.29 4e+027 9.84745e+007
-1.71487e+012 -2.50295e+012 -6.4582e+011 -14240.6 -21219.1 -5266.1 4e+027 9.84745e+007
2.27679e+010 2.45096e+011 5.19876e+010 -2518.39 -19442.3 33732.5 4e+027 9.84745e+007
1.14494e+011 3.11648e+011 3.40074e+010 -15893.5 -21429.1 11975.2 4e+027 9.84745e+007
1.12466e+011 2.86634e+011 1.37292e+011 -2499.79 -4669.75 9896.07 4e+027 9.84745e+007
3.09792e+011 9.62599e+011 -4.71697e+010 6217.18 3065.05 604.286 4e+027 9.84745e+007
-4.92125e+011 1.35145e+012 -1.09789e+011 5250.87 4557.79 -1141.37 4e+027 9.84745e+007
3.83932e+010 3.53114e+011 1.13398e+011 12728.8 -9106.87 -7250.02 8e+027 1.2407e+008
1.3846e+011 -5.47931e+011 3.36452e+010 -7131.37 -1820.13 1508.84 8e+027 1.2407e+008
3.6546e+010 2.50661e+011 6.20969e+010 7016.1 -28155.9 -27632.9 4e+027 9.84745e+007
-1.41195e+010 3.22889e+011 1.0323e+010 3484.9 65.712 971.655 8e+027 1.2407e+008
2.70695e+011 -2.9113e+011 3.465e+010 -5087.99 1651.68 6804.91 4e+027 9.84745e+007
1.35246e+011 2.46706e+011 4.38166e+010 2234.41 -19196.1 -11067.9 4e+027 9.84745e+007
-4.76134e+010 4.38532e+011 1.05907e+011 -1206.12 5492.19 9206.09 4e+027 9.84745e+007
-5.75862e+011 6.55304e+011 1.16143e+011 5854.3 4243.31 2242.15 4e+027 9.84745e+007
-3.4845e+011 8.5699e+010 1.04854e+011 -8065.25 17728.1 -2370.11 4e+027 9.84745e+007
-3.50614e+011 1.08572e+011 1.85433e+011 -1594.11 14059.3 -6583.85 4e+027 9.84745e+007
4.36546e+010 2.26129e+011 5.35689e+010 -71212.3 22035.3 9596.66 1.04e+029 2.9173e+008
3.13992e+012 2.91918e+011 -1.04346e+012 46690.5 1478.49 -16536.5 4e+027 9.84745e+007
1.2118e+011 3.19558e+011 7.88063e+009 73.0897 -15451.7 -5132.11 4e+027 9.84745e+007
1.18485e+010 2.11599e+011 -5.73342e+009 10863.6 -11398.2 -2272.27 4e+027 9.84745e+007
1.42207e+011 -5.44253e+011 3.19442e+010 -7426.3 -10000.1 6929.9 4e+027 9.84745e+007
-4.64227e+011 -4.21833e+010 9.57579e+010 -10255.3 -1183.63 229.02 4e+027 9.84745e+007
-1.14212e+011 5.68952e+011 2.12406e+011 19632.6 -5036.27 2072.44 4e+027 9.84745e+007
3.55452e+011 7.53256e+011 -9.48492e+010 11720.6 15469.8 -6477.44 4e+027 9.84745e+007
6.11215e+010 2.28054e+011 5.84978e+010 -6172.59 -32767 8142.11 1.6e+028 1.56319e+008
-1.96302e+012 -1.72999e+012 1.39782e+012 -15261.9 -13960.4 10617.5 4e+027 9.84745e+007
8.2813e+011 -1.55792e+012 9.94468e+011 9640.03 -19194.8 9885.13 4e+027 9.84745e+007
-3.3929e+010 2.94102e+011 1.84676e+011 8556.71 -1979.21 -784.658 8e+027 1.2407e+008
1.14501e+011 2.13314e+011 -3.42425e+009 11065 -7982.1 -1280.41 4e+027 9.84745e+007
-3.24351e+010 4.09099e+011 -1.9706e+010 17695.1 -7973.34 2493.72 4e+027 9.84745e+007
4.87287e+010 2.89273e+011 3.23044e+010 -8519.47 -29141.9 -95.7344 4e+027 9.84745e+007
-2.46166e+011 2.19463e+011 2.51688e+010 311.837 18149.8 -5959.75 4e+027 9.84745e+007
-2.31966e+011 6.50991e+011 1.18643e+011 -1530.64 13893.6 2363.9 4e+027 9.84745e+007
-1.05837e+011 3.47142e+011 5.58024e+010 13955.1 6060.16 -2760.71 4e+027 9.84745e+007
1.49428e+011 1.25418e+011 7.32998e+010 -10989.4 -14684.8 359.972 4e+027 9.84745e+007
2.52549e+011 -8.78794e+009 -1.67174e+009 -5415.3 -12922.2 -4187.96 4e+027 9.84745e+007
-1.17388e+012 2.90698e+011 7.21094e+011 -8696.79 2048.01 4499.54 4e+027 9.84745e+007
1.10798e+011 3.29032e+011 4.19184e+010 -3004.34 -4390.87 5113.63 4e+027 9.84745e+007
3.32937e+011 1.28435e+011 1.04955e+011 -2518.67 -11009.5 -6185.33 4e+027 9.84745e+007
7.9506e+010 3.91858e+011 -6.15085e+010 5204.8 2247.65 -15253.5 4e+027 9.84745e+007
-7.42447e+009 4.36016e+011 5.11685e+010 -143.416 14440.6 -6178.65 2e+028 1.68389e+008
1.31702e+011 9.25248e+010 -1.30426e+010 -17093.1 2409.02 -3258.21 4e+027 9.84745e+007
8.73056e+010 9.65623e+011 5.22173e+011 2950.82 67551.2 43281.6 4e+027 9.84745e+007
2.20707e+011 8.54147e+011 1.37911e+011 3332.77 15235.2 1276.48 8e+027 1.2407e+008
-3.36519e+011 3.39073e+011 1.30448e+011 1662.32 18535.4 6049.04 4e+027 9.84745e+007
-2.77712e+010 2.06946e+011 2.43124e+010 -25417.6 -7185.62 -7416.49 4e+027 9.84745e+007
9.57358e+010 3.25027e+011 3.13925e+010 21854.5 912.344 -8624.25 4e+027 9.84745e+007
-9.41624e+010 6.96835e+011 1.05367e+011 16019 -4475.43 -1372.26 4e+027 9.84745e+007
-4.91641e+009 1.7875e+011 6.82704e+010 338.392 18632.1 10941.2 4e+027 9.84745e+007
-2.07467e+011 -1.24414e+011 1.46889e+011 -15390.3 4496.61 -7453.42 4e+027 9.84745e+007
-7.62576e+010 5.87458e+011 1.33559e+011 18138.4 -6171.28 756.491 4e+027 9.84745e+007
-2.91402e+010 1.35546e+011 -5.04253e+009 -2909.76 14322.9 -2883.34 4e+027 9.84745e+007
-4.34561e+010 2.80431e+011 1.87049e+011 4904.06 12181.4 -5304.98 4e+027 9.84745e+007
-2.78446e+011 4.43777e+011 1.63138e+011 13436.6 9901.93 -558.859 1.2e+028 1.42025e+008
3.35733e+011 4.57134e+011 6.29846e+008 -10968 -8243.04 5825.57 4e+027 9.84745e+007
3.43681e+010 2.20548e+011 5.34317e+010 5040.35 17088.7 -49910.3 4e+027 9.84745e+007
-2.98693e+010 1.42348e+011 -1.32133e+011 -6175.6 9747.34 8033.01 4e+027 9.84745e+007
-1.08993e+011 3.38002e+011 8.09427e+010 4985.51 15452.3 1358.17 4e+027 9.84745e+007
2.65408e+010 2.49055e+011 4.36416e+010 2666.91 30846.5 5111.61 4e+027 9.84745e+007
6.47691e+012 4.50427e+012 2.14613e+011 43511.7 29367.1 1443.09 4e+027 9.84745e+007
3.45969e+010 8.70838e+010 -6.76489e+010 -15131.3 -11105.6 -9256.62 4e+027 9.84745e+007
3.25426e+011 8.21633e+011 -1.09472e+011 11220.3 10892.6 -1944.44 4e+027 9.84745e+007
8.28165e+010 5.71307e+011 7.50873e+010 6530 -7631.72 2418.74 4e+027 9.84745e+007
1.17669e+012 5.3552e+011 -1.29785e+012 7014.25 2936.27 -6466.6 4e+027 9.84745e+007
2.54797e+011 1.51316e+011 8.15103e+010 -917.287 -19568.6 530.547 4e+027 9.84745e+007
-1.98301e+012 5.56946e+012 -1.95456e+012 -11840.1 36027.8 -12306.5 4e+027 9.84745e+007
8.57721e+010 3.32972e+011 9.76174e+010 21943.5 -17623.5 7013.42 4e+027 9.84745e+007
1.13248e+010 2.47038e+011 1.29218e+011 21808.9 2678.89 12813.1 8e+027 1.2407e+008
3.02916e+012 1.00026e+012 2.45937e+011 14262.2 3660.88 -133.74 4e+027 9.84745e+007
-2.5592e+011 2.35648e+011 -3.60025e+011 -114.174 635.441 2346.06 4e+027 9.84745e+007
1.57564e+011 8.92198e+010 9.6192e+009 -13167.2 -7195.91 6664.53 8e+027 1.2407e+008
-1.68016e+011 2.65466e+011 -1.51166e+011 1415.56 14763.3 -6686.06 4e+027 9.84745e+007
-4.65995e+010 2.07292e+011 7.51705e+010 -9825.86 20502.2 -15187.6 4e+027 9.84745e+007
-9.71944e+010 1.7474e+011 1.85349e+011 -1190.21 12812.1 -9965.78 4e+027 9.84745e+007
1.75783e+011 4.98578e+011 5.77861e+010 1104.38 -10830.4 10455.7 4e+027 9.84745e+007
3.27828e+011 3.72434e+011 1.13852e+011 -3271.66 -5753.2 2219.47 4e+027 9.84745e+007
5.12776e+010 2.92655e+011 -5.76768e+008 -4329.17 -6209.61 -1277.29 8e+027 1.2407e+008
-4.67898e+011 2.40914e+011 -1.39644e+011 -2077.01 6286 -3719.4 4e+027 9.84745e+007
5.12387e+010 2.71466e+011 2.94582e+010 5135.85 23304.8 19662.8 8e+027 1.2407e+008
6.22407e+010 4.80089e+011 1.13625e+011 4039.01 16538 -5930.53 1.2e+028 1.42025e+008
1.00317e+011 6.30401e+011 6.64457e+010 13863.8 -236.234 -1241.79 4e+027 9.84745e+007
1.4275e+012 7.24701e+011 1.30432e+010 4695.83 1819.66 1660.13 8e+027 1.2407e+008
4.0373e+010 2.29693e+011 8.99484e+009 -15477.2 -18359.6 -1384.94 4e+027 9.84745e+007
-1.53317e+010 4.13153e+011 9.67005e+010 16222.2 4884.36 -12598.7 4e+027 9.84745e+007
-2.3212e+011 3.9904e+011 -6.29685e+010 5192.79 7070.01 -119.304 8e+027 1.2407e+008
5.56818e+011 -2.01467e+011 -1.8302e+011 -4086.43 -1735.99 5531.83 4e+027 9.84745e+007
9.7874e+010 3.32455e+011 2.07743e+011 14345.2 -5041.36 7251.73 4e+027 9.84745e+007
-6.09684e+011 5.29464e+011 1.57795e+011 9024.63 8728.51 -3724.05 4e+027 9.84745e+007
-2.02162e+011 7.92544e+010 2.92713e+011 -17654 -11133.1 14305.3 4e+027 9.84745e+007
-1.07602e+012 9.41466e+011 -3.281e+011 -22126.8 14703.3 -8193.46 4e+027 9.84745e+007
-2.37844e+011 -4.7827e+011 7.60909e+009 -6379.24 1697.14 2299.63 4e+027 9.84745e+007
-2.23265e+011 2.91235e+011 1.19299e+011 8960.89 13475.8 -1778.06 8e+027 1.2407e+008
-1.6652e+011 1.04239e+011 8.96929e+010 -12709.9 13269.2 -7904.96 4e+027 9.84745e+007
-2.46499e+011 -2.41545e+011 -6.05873e+011 -15940.1 -24069 -31779.3 4e+027 9.84745e+007
-3.47282e+011 -1.68851e+010 2.45784e+010 -12728.5 3674.64 3623.53 4e+027 9.84745e+007
-8.89523e+011 2.71101e+012 1.38185e+011 -17739.8 49189.6 1478.05 4e+027 9.84745e+007
9.06317e+011 1.93057e+012 5.86211e+010 6391.86 15627.3 -278.98 4e+027 9.84745e+007
-8.03793e+010 1.27044e+011 3.94285e+010 -15872.1 2254.8 8997.45 4e+027 9.84745e+007
2.94566e+010 5.30785e+011 1.9077e+011 -2951.46 3127.65 8527.11 4e+027 9.84745e+007
-2.4824e+010 1.79468e+011 1.03574e+011 -14544.2 -663.982 13211.8 8e+027 1.2407e+008
-2.18991e+010 5.1191e+011 3.01011e+011 11680 7521.25 -222.742 4e+027 9.84745e+007
-1.49268e+011 2.30012e+011 1.8085e+010 10311.5 19089.4 2710.25 8e+027 1.2407e+008
-9.90995e+010 2.26089e+011 3.68286e+010 -2108.61 7374.1 2291.38 4e+027 9.84745e+007
5.61563e+010 3.88476e+011 1.16028e+011 -1801.91 -10721.8 -3283.55 4e+027 9.84745e+007
-8.10232e+010 6.05905e+011 2.92605e+010 2625.01 -6031.19 -7446.68 4e+027 9.84745e+007
1.32526e+011 3.24903e+011 6.31136e+010 -4289.88 4679.89 -8317.23 8e+027 1.2407e+008
1.43984e+011 2.36617e+011 1.15354e+011 -275.892 -19512.8 41.623 1.2e+028 1.42025e+008
-2.2232e+011 4.60396e+011 -1.24528e+010 10813.6 10670.8 2955.91 4e+027 9.84745e+007
6.56191e+010 4.9494e+011 2.17051e+010 6113.67 -635.483 4498.01 4e+027 9.84745e+007
6.49203e+010 2.83152e+011 1.14625e+010 20849.7 -2096.04 -14092.5 8e+027 1.2407e+008
1.18607e+011 1.89404e+009 -1.77414e+011 -2107.03 -4264.83 -12068 4e+027 9.84745e+007
1.76515e+011 1.45971e+011 4.61388e+010 -19482 -7911.92 583.944 8e+027 1.2407e+008
-1.14274e+012 1.79365e+012 -5.12012e+011 -1134.94 8011.69 -1521.47 4e+027 9.84745e+007
2.53685e+011 2.46876e+011 3.07624e+010 -15466.9 -9814.13 -7653.79 8e+027 1.2407e+008
4.61334e+010 3.36473e+011 1.54677e+011 1462.78 19214.4 -4929.23 4e+027 9.84745e+007
7.38583e+010 -3.56278e+010 -4.31132e+010 -4900.25 4120.41 -789.309 4e+027 9.84745e+007
1.95518e+012 6.33992e+011 8.8269e+011 8847.8 4893.31 2489.01 4e+027 9.84745e+007
2.87275e+012 3.76286e+012 -2.78365e+011 24293.7 31022.2 -2616.26 4e+027 9.84745e+007
5.34447e+010 4.35345e+011 5.14448e+010 8019.2 4321.2 -7420.16 4e+027 9.84745e+007
1.4626e+011 4.09288e+011 1.34225e+012 3038.95 4426.44 34766.9 4e+027 9.84745e+007
6.04948e+011 -2.04918e+012 -2.31093e+011 1490.32 -9226.26 -956.519 4e+027 9.84745e+007
2.49618e+010 2.09364e+011 4.44916e+010 -12000 23030 -17282.7 4e+027 9.84745e+007
-1.17356e+011 -1.29044e+011 -1.09645e+011 -1067.29 1118.21 369.472 8e+027 1.2407e+008
-3.4235e+011 4.14669e+011 1.24671e+011 3734.92 6527.68 -2230.6 4e+027 9.84745e+007
-1.94084e+011 4.75148e+011 6.39444e+010 522.254 14966.9 -2525.53 4e+027 9.84745e+007
-4.59559e+011 -1.17735e+012 5.80255e+011 -6503.97 -9190.17 6289.78 4e+027 9.84745e+007
1.94862e+011 5.90917e+011 -1.65807e+011 7871.59 8931.11 -551.51 4e+027 9.84745e+007
-1.85842e+011 6.07686e+011 2.66307e+010 13793.9 6709.67 -1872.39 4e+027 9.84745e+007
5.48266e+011 3.79425e+011 9.50301e+010 -4021.62 -7877.7 -2738.43 4e+027 9.84745e+007
1.17813e+011 5.04237e+010 1.15894e+011 -17786.2 7463.31 5624.89 8e+027 1.2407e+008
6.30709e+010 2.21954e+011 7.43632e+010 8252.46 -34584.1 23197.4 8e+027 1.2407e+008
2.78152e+011 2.8228e+011 7.90678e+010 24718.6 4977.35 1911.43 4e+027 9.84745e+007
-3.95808e+011 4.68538e+011 -1.72757e+010 -843.866 9764.3 -4069.34 4e+027 9.84745e+007
1.95489e+012 -2.2244e+012 5.97883e+011 17547.1 -21657.8 4967.59 4e+027 9.84745e+007
-1.26055e+013 -1.64229e+012 -5.76638e+012 -90012.4 -12362.5 -41233 4e+027 9.84745e+007
3.20038e+011 1.34352e+011 1.11886e+011 -11157.3 784.594 -3597.63 4e+027 9.84745e+007
2.3033e+011 5.59148e+010 2.54402e+011 -1690.59 -9858.82 1486.66 4e+027 9.84745e+007
1.0682e+011 2.06198e+011 2.29208e+010 18278.3 1607.61 15564 4e+027 9.84745e+007
4.57614e+010 2.1863e+011 7.08954e+010 28027.4 7359.68 -4202.82 4e+027 9.84745e+007
3.88094e+010 3.15432e+011 1.27096e+011 14264.3 -17706.9 7719.88 4e+027 9.84745e+007
-5.58326e+009 1.79092e+011 6.36014e+010 3102.87 105.875 -8375.75 4e+027 9.84745e+007
-4.13032e+011 -1.2341e+012 1.52957e+011 -6164.99 -17329.6 342.399 4e+027 9.84745e+007
-1.62987e+011 2.05637e+010 -2.49584e+010 -9391.75 -7169.29 3947.56 4e+027 9.84745e+007
-2.01197e+011 5.92641e+011 -1.04368e+010 7082.77 6046.88 3438.91 4e+027 9.84745e+007
-2.79953e+011 6.87108e+011 -2.54148e+010 3094.76 10117.3 3125.01 4e+027 9.84745e+007
-1.45966e+011 -5.54996e+010 7.53928e+010 -12826.4 1354.28 -5652.67 4e+027 9.84745e+007
8.28454e+012 -5.64563e+012 2.36821e+012 183817 -130096 51203.7 4e+027 9.84745e+007
-2.75534e+010 2.07525e+011 1.3351e+009 -5932.17 11895.5 -6405.65 4e+027 9.84745e+007
1.18451e+011 6.02785e+011 6.79813e+010 11225.6 17034.1 -3324.76 4e+027 9.84745e+007
3.29799e+011 3.22797e+011 2.06426e+011 -628.063 -2431.55 1353.17 4e+027 9.84745e+007
2.78661e+012 7.20638e+010 -2.67521e+012 21499.3 -21.4957 -20414.3 4e+027 9.84745e+007
1.98203e+011 1.72683e+011 -3.91964e+010 -4004.76 -7724.22 -8093.2 4e+027 9.84745e+007
-1.47945e+012 -7.7746e+011 -3.74044e+010 -6792.22 1558.38 -670.805 4e+027 9.84745e+007
3.93759e+010 8.52912e+011 1.26027e+011 6340.38 -3174.95 770.364 4e+027 9.84745e+007
-3.58783e+010 3.60505e+011 8.11055e+010 11526.3 -3101.62 8228.56 8e+027 1.2407e+008
5.40943e+010 3.8625e+010 8.78454e+010 -18847.2 1454.39 -522.927 8e+027 1.2407e+008
6.2736e+010 1.69449e+011 9.73286e+010 -27746.2 6235.31 8749.19 4e+027 9.84745e+007
2.06849e+011 9.60899e+011 4.66097e+011 3547.79 4602.45 5162.78 4e+027 9.84745e+007
1.07966e+011 3.14231e+011 6.45332e+010 22194.8 -757.159 7678.99 1.6e+028 1.56319e+008
-2.65842e+010 2.83624e+011 7.33579e+010 16647.5 -10511.2 -15941.9 4e+027 9.84745e+007
-3.76692e+011 4.75712e+011 9.99676e+010 5773.77 9532.8 6961.42 4e+027 9.84745e+007
3.07828e+010 2.08827e+011 2.86716e+010 -22212.4 5696.24 18632.2 1.2e+028 1.42025e+008
-1.43869e+011 1.54297e+011 1.8464e+010 484.888 13749.7 9877.7 4e+027 9.84745e+007
-1.31142e+011 2.3561e+011 -1.42266e+011 -223.136 6608.11 933.36 4e+027 9.84745e+007
1.52914e+011 5.10787e+011 -1.58109e+011 6473.22 -1183.42 -793.421 4e+027 9.84745e+007
5.70084e+010 3.16861e+011 1.24165e+011 15919.4 -1917.89 4740.01 4e+027 9.84745e+007
5.74972e+011 1.12173e+012 -2.16825e+011 5605.47 1361.99 -1024.25 4e+027 9.84745e+007
-1.94963e+011 2.92699e+011 9.54258e+010 16292.1 20022.6 -2447.03 4e+027 9.84745e+007
-1.89782e+011 1.3892e+011 5.60142e+010 1344.03 14827.5 -12975.4 4e+027 9.84745e+007
1.48215e+011 2.81318e+011 6.10976e+010 -10865 -18904.5 10063.6 4e+027 9.84745e+007
-1.75268e+011 2.1187e+011 -2.14587e+010 -18926.6 5202.77 -3650.83 4e+027 9.84745e+007
-1.21324e+011 5.34417e+011 -3.6276e+010 7782.39 6149.21 8108.53 4e+027 9.84745e+007
-3.94423e+010 3.85437e+011 1.3402e+011 15712.1 1719.65 1495.23 4e+027 9.84745e+007
-7.28027e+010 1.58051e+011 -7.71867e+009 -1926.34 28533 1269.04 4e+027 9.84745e+007
1.26415e+010 3.79902e+011 1.80397e+011 13251 14130.7 20737.5 4e+027 9.84745e+007
-8.80704e+010 7.1242e+011 -2.51695e+011 -1692.52 8627.77 -2133.31 4e+027 9.84745e+007
6.62039e+010 3.31781e+011 9.06954e+010 13937.2 7689.3 -742.003 8e+027 1.2407e+008
3.84822e+011 -8.77166e+011 -8.92733e+010 -267.574 2098.46 2149.55 4e+027 9.84745e+007
8.80968e+009 4.21735e+011 1.67908e+011 18005 6872.99 4554.13 4e+027 9.84745e+007
-3.40194e+011 4.44661e+011 2.39707e+011 -2976 10682.4 553.329 4e+027 9.84745e+007
1.43375e+011 1.62601e+011 1.3011e+011 -12398.1 -7316.72 6044.45 4e+027 9.84745e+007
-3.57e+011 1.88431e+011 1.96563e+011 -3523.43 6179.38 1921.45 4e+027 9.84745e+007
-2.9515e+011 4.18946e+011 2.14824e+011 3179.33 16922.1 -211.017 4e+027 9.84745e+007
1.49934e+011 3.90074e+011 2.03042e+010 8529.69 -8846.32 3991.52 4e+027 9.84745e+007
7.32665e+011 3.44221e+011 1.12612e+011 4645.65 -7782.73 2972.52 4e+027 9.84745e+007
4.96924e+011 2.67571e+010 1.93726e+011 2420.65 -14635 5368.76 4e+027 9.84745e+007
2.01381e+011 3.37385e+011 8.68338e+010 14338.4 10282 1091.16 4e+027 9.84745e+007
1.04257e+011 6.53697e+010 -2.8308e+010 -7303.31 -9415.33 753.417 4e+027 9.84745e+007
1.07135e+011 1.00333e+011 9.41642e+010 -13728.1 -9903.1 11305.3 8e+027 1.2407e+008
-1.1875e+011 1.09327e+011 -6.23306e+010 -10031.9 -5675.54 -3357.36 4e+027 9.84745e+007
3.53056e+011 2.16726e+011 1.05907e+011 -8637.58 -3940.31 -7154.11 4e+027 9.84745e+007
-1.82466e+011 1.19114e+011 4.62122e+010 -10663.7 7824.5 -4557.64 4e+027 9.84745e+007
4.32293e+011 8.24699e+011 -2.03232e+010 3139.24 -8869.54 -915.553 4e+027 9.84745e+007
9.06209e+010 1.91026e+011 1.88102e+010 -11990.5 -25927.7 -3955.27 4e+027 9.84745e+007
1.84745e+011 4.00036e+011 -8.25112e+010 12424.9 -4599.95 1655.75 4e+027 9.84745e+007
-9.23139e+010 1.85268e+011 1.20324e+011 -7406.26 10451.2 15128.7 4e+027 9.84745e+007
-9.44167e+010 -9.59906e+009 -3.62124e+010 -11783.1 15730.3 -3509.68 4e+027 9.84745e+007
-2.42697e+010 4.40718e+011 1.04686e+011 7670.73 15431.9 4277.22 4e+027 9.84745e+007
2.2068e+011 3.0112e+011 -1.8742e+010 -141.417 -12171.5 -1096.44 4e+027 9.84745e+007
2.35154e+011 -4.07479e+010 2.20009e+011 -2109.84 -2010.77 8913.74 4e+027 9.84745e+007
1.98609e+011 2.62443e+011 4.68524e+010 21365.6 -13661.2 -244.117 4e+027 9.84745e+007
7.98032e+011 1.33277e+010 -5.12005e+011 1040.34 1665.15 -1181.25 4e+027 9.84745e+007
6.83682e+010 -5.08728e+010 1.98057e+011 -11023.6 -3992.72 2356.09 8e+027 1.2407e+008
3.93581e+010 4.42943e+011 2.90271e+010 4489.2 -17530.3 -7228.16 4e+027 9.84745e+007
7.1139e+010 2.11534e+011 5.1467e+010 -26114.2 31620.4 -1861.59 4e+027 9.84745e+007
2.74481e+010 4.91956e+010 4.04987e+010 -3985.73 12914.9 -1884.7 4e+027 9.84745e+007
-1.15746e+011 5.00395e+011 3.74719e+010 6546.83 7301.8 132.61 4e+027 9.84745e+007
1.0857e+011 1.55425e+011 -2.61267e+011 -2768.49 -1611.93 -8050.8 4e+027 9.84745e+007
-1.36634e+010 1.36559e+011 -4.49303e+010 -11561.7 -21704 -22637.4 4e+027 9.84745e+007
2.1444e+011 2.00911e+011 -3.80316e+010 4789.22 -14886.1 -2035.3 4e+027 9.84745e+007
3.31762e+011 1.86631e+011 1.2281e+011 10289.7 1267.36 6007.68 8e+027 1.2407e+008
-3.60968e+012 4.68235e+012 1.73532e+012 -19443.6 26858.5 9910.23 4e+027 9.84745e+007
3.14616e+011 3.12334e+011 2.20965e+011 1373.12 -1644.55 7176.82 4e+027 9.84745e+007
3.65063e+011 4.2681e+011 2.00922e+011 8989.52 -8864.36 6227.67 4e+027 9.84745e+007
5.57685e+010 4.90936e+011 1.37098e+011 15298.6 25794.2 13732.3 4e+027 9.84745e+007
1.64527e+011 1.72798e+011 4.60597e+010 -17298.8 -9303.69 6346.77 4e+027 9.84745e+007
1.88079e+011 8.12799e+011 2.83865e+010 3263.67 -3936.03 4176.29 4e+027 9.84745e+007
1.71629e+011 6.62116e+010 1.15776e+011 -6254.29 -13944.7 -1598.02 4e+027 9.84745e+007
-9.00393e+010 4.00962e+011 6.85767e+010 10428.9 15848.3 -3405.64 4e+027 9.84745e+007
-2.44184e+011 6.83598e+011 1.55665e+011 3940.81 8786.27 971.26 4e+027 9.84745e+007
5.2637e+010 1.38125e+011 1.29816e+011 -11288.9 18060 -772.203 4e+027 9.84745e+007
1.18028e+011 4.15806e+011 1.13572e+011 13583.3 -7338.51 6105.92 4e+027 9.84745e+007
-3.6717e+011 1.58941e+012 -5.29258e+010 1065.49 3468.07 1737.37 4e+027 9.84745e+007
-1.88298e+011 6.54091e+011 -7.31111e+010 -4973.03 10152.1 1699.95 4e+027 9.84745e+007
-4.12753e+009 2.59496e+011 3.25641e+010 -10165 1763.1 -9826.8 4e+027 9.84745e+007
-3.00421e+011 1.10723e+011 1.14212e+011 -8515.4 16592.5 4568.9 4e+027 9.84745e+007
-5.9204e+010 4.29146e+011 6.51802e+010 14438.2 17377.7 4477.38 4e+027 9.84745e+007
1.90171e+011 4.31848e+011 1.13003e+011 845.818 379.989 8446.04 4e+027 9.84745e+007
-2.74293e+011 2.97904e+011 1.29704e+009 -7693.31 4597.05 2331.58 4e+027 9.84745e+007
5.35392e+010 4.56167e+011 1.13289e+011 -4407.96 9096.67 1402.18 4e+027 9.84745e+007
-2.76125e+011 7.48617e+010 1.40974e+011 -12838.9 12055.4 -4836.35 4e+027 9.84745e+007
5.43374e+010 3.01736e+011 1.05943e+011 6305.21 -9280.98 -13783.8 4e+027 9.84745e+007
2.43145e+011 4.58425e+011 7.29163e+010 -12732.7 -14462.1 1881.37 4e+027 9.84745e+007
-1.3411e+011 4.32587e+011 3.89871e+010 9153.08 2663.57 -4972.44 8e+027 1.2407e+008
-1.44118e+010 -2.04178e+011 3.59109e+011 -5244.83 -88.6451 -3867.32 4e+027 9.84745e+007
1.16837e+011 1.51051e+011 1.2426e+011 -22941.1 -12848.5 10918.9 4e+027 9.84745e+007
1.58664e+011 2.31407e+011 2.26757e+010 3265.06 -12958.1 7421.08 4e+027 9.84745e+007
6.81127e+010 5.29587e+011 -3.30761e+010 1959.71 1334.61 347.88 4e+027 9.84745e+007
-2.10973e+010 -3.89181e+011 -5.37163e+010 -5599.23 8535.44 4376.57 4e+027 9.84745e+007
-2.33875e+011 1.17228e+011 2.32919e+011 2264.6 9432.32 -3552.32 4e+027 9.84745e+007
-2.42457e+011 3.94351e+011 1.74101e+010 12342.7 8773.45 -3471.73 4e+027 9.84745e+007
-6.21627e+010 6.26115e+011 1.15061e+011 8058.03 4119.64 -1474.73 4e+027 9.84745e+007
-1.69468e+011 3.82935e+011 4.14594e+010 8637.99 10350.9 1782.89 4e+027 9.84745e+007
-1.95086e+012 9.70595e+012 7.17494e+011 -14511.1 72462 5441.57 4e+027 9.84745e+007
-1.54947e+011 -1.75389e+011 1.40355e+011 -10668.4 2929.4 2388.34 4e+027 9.84745e+007
1.77198e+012 -2.75231e+012 -9.60462e+011 7512.38 -13988.5 -5010.11 4e+027 9.84745e+007
-2.05341e+011 5.59598e+011 -1.83383e+009 4121.11 14736.1 2076.65 4e+027 9.84745e+007
5.68886e+011 3.03906e+010 -7.05235e+011 -580.241 1420.22 3710.7 8e+027 1.2407e+008
-2.52451e+011 2.94878e+011 -1.84188e+011 -23909.7 5154.86 -17197.1 4e+027 9.84745e+007
8.66074e+010 3.2373e+011 1.84422e+010 20453.5 -8658.42 -4568.09 4e+027 9.84745e+007
1.08205e+011 6.73791e+010 4.0134e+011 -2394.21 8370.84 -3893.67 4e+027 9.84745e+007
3.32351e+011 2.90858e+011 4.15194e+010 -490.043 -9977.25 -2266.98 4e+027 9.84745e+007
1.41081e+011 1.21226e+011 4.13668e+010 -18774.6 -9012.49 1328.9 4e+027 9.84745e+007
-2.5405e+011 2.26659e+012 1.32858e+012 -4225.35 31729.8 19084.8 4e+027 9.84745e+007
-5.56033e+010 3.02808e+011 -9.03318e+010 12376.6 2169.34 723.4 4e+027 9.84745e+007
-3.76816e+010 8.06626e+011 2.49381e+010 7331.44 -4212.39 1851.29 4e+027 9.84745e+007
-9.36558e+010 5.28994e+011 -7.63617e+009 14809.7 8402.63 10761.8 4e+027 9.84745e+007
1.2644e+010 3.44677e+011 1.2114e+011 10982 20897.2 533.318 4e+027 9.84745e+007
2.5717e+011 1.05551e+011 3.08662e+010 -4636.28 -14305.1 -8358.5 4e+027 9.84745e+007
2.27035e+010 4.28585e+011 8.02644e+010 12072.3 -3886.14 12525.4 8e+027 1.2407e+008
-5.72163e+011 5.99057e+010 4.77444e+010 -10008.2 12265.2 1421.52 4e+027 9.84745e+007
-1.13149e+011 3.25489e+011 1.68823e+011 2610.19 9414.16 -961.16 4e+027 9.84745e+007
-4.71052e+011 -1.36823e+011 -2.29705e+010 -15312.2 -11141.2 1485.14 8e+027 1.2407e+008
-1.25774e+011 2.33371e+011 1.77224e+011 -10404 6717.81 -2121.38 4e+027 9.84745e+007
4.74018e+010 6.26376e+011 9.29695e+009 12372.4 -2726.9 -2592.51 4e+027 9.84745e+007
4.62268e+011 -2.80361e+011 6.0841e+011 7892.33 -10478 9477.29 4e+027 9.84745e+007
-6.10172e+010 1.39312e+011 -3.64402e+010 -13620.9 10359.9 -2699.84 8e+027 1.2407e+008
1.37826e+010 2.33479e+011 -4.95231e+009 7275.18 27776 7279.77 4e+027 9.84745e+007
2.20793e+010 2.2059e+011 3.21444e+010 3461.56 -21445.8 -6653.1 4e+027 9.84745e+007
7.94395e+010 4.82222e+011 1.42087e+011 -9885.4 -17701.8 -8133.26 4e+027 9.84745e+007
-7.75403e+010 2.41912e+011 2.58534e+011 -8305.31 13073.1 -384.022 8e+027 1.2407e+008
2.38756e+011 8.8045e+010 4.5982e+010 -6240.47 -7977.6 -10396.3 4e+027 9.84745e+007
-1.73523e+012 2.339e+012 -1.98992e+011 -17935.7 23719.8 -2128.65 4e+027 9.84745e+007
8.91896e+011 -2.35076e+012 -7.16816e+010 6567.89 -18243.1 -768.468 4e+027 9.84745e+007
-2.19625e+011 3.14042e+010 8.28497e+010 -3662.8 -1549.59 4367.96 4e+027 9.84745e+007
1.22361e+011 -2.76119e+011 1.27128e+010 -10921.5 10179.2 -1943.1 4e+027 9.84745e+007
8.02552e+011 1.74108e+012 1.40661e+011 6864.27 4673.73 929.773 4e+027 9.84745e+007
1.14387e+011 3.38871e+011 -4.20005e+008 11661.1 -4012.42 -9325.14 4e+027 9.84745e+007
2.63146e+010 6.12131e+011 2.7813e+010 5832.11 1517.42 11164.7 4e+027 9.84745e+007
5.69038e+010 -4.07022e+010 1.41052e+010 -13283.9 1917.11 532.815 4e+027 9.84745e+007
3.24355e+011 6.20668e+011 1.01064e+011 15175.1 414.931 190.727 4e+027 9.84745e+007
1.29008e+011 9.23576e+011 8.63735e+010 6980.58 -8816.12 2594.04 4e+027 9.84745e+007
-2.4322e+011 3.85078e+011 1.02279e+011 1888.83 1481.89 -11038 4e+027 9.84745e+007
-2.41641e+011 9.47403e+011 1.37375e+011 4872.34 -4206.31 -2421.5 4e+027 9.84745e+007
-9.86519e+010 1.98031e+011 -4.94621e+009 -7628.84 11929.6 -5999.73 4e+027 9.84745e+007
-3.17004e+011 1.29964e+011 4.58825e+010 -10184.8 17064.7 2836.74 4e+027 9.84745e+007
2.16315e+011 3.01813e+011 1.42918e+011 14723.2 -13181.9 11104.8 4e+027 9.84745e+007
-4.81728e+011 5.62975e+011 3.802e+010 8649.39 4737.21 291.449 4e+027 9.84745e+007
-3.34428e+011 2.35538e+011 1.30646e+011 5720.99 6534.31 -2837.79 4e+027 9.84745e+007
-1.47611e+011 5.21158e+011 2.7832e+011 3742.63 5327.31 2633.18 4e+027 9.84745e+007
-3.41988e+011 5.35894e+011 1.44238e+011 7558.47 11416.3 8954.75 4e+027 9.84745e+007
-2.29212e+011 3.37289e+011 1.64115e+011 -357.981 21443.1 971.559 4e+027 9.84745e+007
3.32816e+010 2.83732e+011 7.43536e+010 31988.2 -3934.29 1288.73 4e+027 9.84745e+007
4.25815e+010 1.937e+011 3.07521e+010 -22867.7 7942.59 10597.9 4e+027 9.84745e+007
-3.01795e+011 9.7868e+010 -3.49196e+011 -2688.01 3997.21 -5115.1 4e+027 9.84745e+007
-6.90011e+010 2.96279e+011 9.40534e+010 10038 16258.1 -3789.19 4e+027 9.84745e+007
1.31317e+011 5.27072e+011 2.43605e+011 12745.1 713.673 9606.52 4e+027 9.84745e+007
1.40547e+011 -7.44274e+011 7.2608e+011 1426.14 -12896.5 7937.78 4e+027 9.84745e+007
5.48799e+012 -6.47227e+012 -1.76102e+013 70349.6 -84701.3 -225624 4e+027 9.84745e+007
6.6132e+010 5.73261e+011 -8.47064e+010 991.353 1601.61 -2034.46 4e+027 9.84745e+007
-6.30411e+009 1.19467e+011 2.31658e+011 -15134.1 -1518.93 3388.54 4e+027 9.84745e+007
-2.08682e+011 1.65578e+011 7.6841e+010 -13110.1 22663.5 -5030.64 4e+027 9.84745e+007
6.01362e+011 5.20012e+010 1.39558e+011 -4476.21 -568.382 205.418 4e+027 9.84745e+007
2.06155e+012 -3.85063e+012 -4.46075e+011 9822.55 -21644.1 -2581.05 4e+027 9.84745e+007
-3.05902e+011 1.85869e+011 1.32387e+011 6200.08 14203.1 -2124.99 4e+027 9.84745e+007
2.66085e+012 -1.59886e+012 1.40848e+012 12113.7 -8926.3 6907.9 4e+027 9.84745e+007
-1.92453e+011 -1.88868e+011 7.87524e+010 -14297.9 -3411.12 6254.64 4e+027 9.84745e+007
3.4824e+011 7.7181e+008 1.6394e+011 -12178.2 -8511.83 1710.51 4e+027 9.84745e+007
4.3152e+012 3.95417e+011 1.3045e+012 22428 1021.68 7487.95 4e+027 9.84745e+007
-2.83312e+011 7.11428e+011 3.14616e+011 9771.05 3656.18 1802.61 4e+027 9.84745e+007
-1.95836e+011 4.66458e+011 -5.69916e+010 5354.04 18559.3 -2331.86 4e+027 9.84745e+007
1.93223e+011 3.18855e+011 1.11849e+011 19289.6 -5587.32 5001.58 4e+027 9.84745e+007
4.31533e+010 4.42995e+011 1.33481e+010 25835.8 6735.46 5586.14 4e+027 9.84745e+007
-9.7664e+010 4.19872e+011 8.00681e+010 6324.71 11338.5 6140.13 4e+027 9.84745e+007
4.83009e+011 1.03678e+012 8.90544e+010 5922.21 1799.55 -117.539 4e+027 9.84745e+007
3.59727e+010 7.64828e+011 1.84633e+011 7985.58 4930.57 -4587.86 4e+027 9.84745e+007
-9.83285e+010 -1.27034e+011 2.00472e+011 -7630.06 -3278.46 -2461.36 4e+027 9.84745e+007
5.70013e+010 2.6288e+012 -6.44295e+012 779.768 15257.1 -38652.9 4e+027 9.84745e+007