357
-7.15063e+009 -2.18769e+010 1.61469e+010 -15048.4 -6744.28 611.354 8e+027 1.2407e+008
-1.03816e+011 2.27118e+011 1.2819e+011 11627.4 12572.9 -10423.2 4e+027 9.84745e+007
-1.73696e+011 6.97654e+011 1.50132e+011 6981.18 11383.9 -261.265 4e+027 9.84745e+007
1.76389e+010 2.21322e+011 6.2915e+010 10734.1 -1982.7 -4026.13 2.12e+029 3.69898e+008
-4.49091e+011 4.25302e+011 1.48424e+011 1473.04 5917.43 1268.85 1.2e+028 1.42025e+008
7.46122e+009 2.18604e+011 6.55313e+010 -10514.1 62032.8 12739.1 4e+027 9.84745e+007
-2.10235e+011 1.82652e+011 -1.84079e+010 -2364.52 8428.25 4374.64 8e+027 1.2407e+008
1.7794e+010 -1.8043e+010 3.69857e+010 -8670.57 -1583.81 10434.7 4e+027 9.84745e+007
-9.6732e+010 -1.14116e+010 1.08303e+011 -22609.7 6127.09 4137.17 4e+027 9.84745e+007
7.66356e+010 1.79888e+011 -1.21124e+010 -16135.9 -21519.3 -7426.39 4e+027 9.84745e+007
-4.85325e+010 2.3765e+011 6.22922e+008 4991.73 18164.5 10533.2 8e+027 1.2407e+008
6.51208e+011 1.22456e+012 -2.11671e+011 9069.71 16765.2 -3336.57 4e+027 9.84745e+007
1.36768e+011 2.54598e+011 1.43524e+011 602.754 -4029.35 -7107.91 4e+027 9.84745e+007
2.00909e+011 2.59775e+011 2.42283e+010 -5800.69 -3200.3 -7024.1 8e+027 1.2407e+008
-4.99163e+011 2.61141e+011 2.10819e+011 4926.26 11951.4 -2650.1 4e+027 9.84745e+007
1.47894e+012 1.97696e+012 -6.88358e+011 12827.9 16432.2 -5265.88 1.6e+028 1.56319e+008
7.2818e+010 2.36331e+011 5.19258e+010 11183.5 -11918.6 18865.1 4e+027 9.84745e+007
-3.11943e+010 2.39853e+011 1.46054e+011 -13334.3 -11048.2 -8951.27 4e+027 9.84745e+007
6.73065e+010 2.3625e+011 5.66229e+010 -3228.11 -12206.6 -4025.18 4e+027 9.84745e+007
-3.12103e+011 -2.875e+011 -7.38484e+009 -6729.49 2853.42 -2235.83 4e+027 9.84745e+007
7.52014e+010 -2.45501e+010 3.50492e+010 -13778.4 -10423.1 -1944.02 8e+027 1.2407e+008
1.03578e+011 1.69958e+011 5.49178e+010 7898.49 -1954.77 -6406.98 4e+027 9.84745e+007
-1.0484e+011 2.61491e+011 3.70495e+010 8047.42 13859.2 -4034.87 1.2e+028 1.42025e+008
1.41415e+011 1.35008e+011 1.04527e+011 -11060.9 -485.08 -10901.7 4e+027 9.84745e+007
-8.15213e+010 3.53746e+010 3.47241e+010 -4819.58 19755.1 396.935 8e+027 1.2407e+008
-1.13243e+012 -6.15513e+011 -1.35002e+011 -9885.85 -1393.8 -1826.61 4e+027 9.84745e+007
1.02843e+011 1.9965e+011 1.01124e+011 22532.9 -7090.36 -7761.84 4e+027 9.84745e+007
2.51634e+011 -3.60959e+011 3.44264e+011 344.569 -1119.05 612.606 4e+027 9.84745e+007
8.1123e+010 -7.01862e+010 1.61182e+011 8663.78 -43780.7 14397 4e+027 9.84745e+007
8.46245e+010 2.7119e+011 1.0647e+010 19253.6 -5496.1 4567.25 4e+027 9.84745e+007
2.87587e+011 7.86549e+010 1.06007e+011 -2763.32 -13193.3 2096 4e+027 9.84745e+007
-6.71942e+010 9.34316e+010 9.06683e+010 -12440 -636.191 5263.52 4e+027 9.84745e+007
3.91385e+010 2.14882e+011 7.74354e+010 -27998.8 -11577.9 4009.27 1.2e+028 1.42025e+008
-5.32175e+011 3.44109e+011 -1.66693e+011 -8933.72 12944.9 -2090.58 4e+027 9.84745e+007
9.04169e+011 3.58525e+011 -2.46833e+010 928.04 -3232.16 -417.632 4e+027 9.84745e+007
9.07766e+008 2.1598e+011 8.39114e+010 -2846.4 15136.5 21932.5 4e+027 9.84745e+007
1.27605e+010 7.80575e+010 -1.42751e+011 -9539.44 -7885.76 -6303.86 4e+027 9.84745e+007
1.98781e+011 1.39102e+011 4.50743e+010 -133.301 -17168.8 16433.9 4e+027 9.84745e+007
-1.13404e+012 -1.63691e+012 -4.30649e+011 -14604.1 -21794.2 -5423.03 4e+027 9.84745e+007
-1.33633e+011 2.37231e+011 8.40221e+010 10801.6 1225.46 9772.98 4e+027 9.84745e+007
5.74786e+010 4.56481e+011 1.50401e+010 9174.88 13803 -6397.17 4e+027 9.84745e+007
1.66064e+010 1.96932e+011 5.94755e+010 32589.4 -2096.37 -18372.7 4e+027 9.84745e+007
-2.09197e+010 6.40218e+011 -2.67378e+010 9678.18 14458.4 -1598.51 4e+027 9.84745e+007
-6.67277e+011 1.10697e+012 -5.28272e+010 3273.81 7570.71 -1659.38 4e+027 9.84745e+007
-4.82695e+010 2.192e+011 6.65818e+009 193.288 14706.4 18867.7 8e+027 1.2407e+008
3.77162e+011 -1.98039e+011 -7.46077e+010 -5220.91 -14965.8 2212.05 8e+027 1.2407e+008
1.68288e+010 2.49617e+011 4.81507e+010 18289.5 1333.42 25107.1 4e+027 9.84745e+007
-1.01104e+009 3.21405e+010 -1.93026e+010 -4085.55 4987.47 5036.77 8e+027 1.2407e+008
3.49333e+011 -1.8021e+011 -1.80695e+011 1550.99 -6760.29 2441.25 4e+027 9.84745e+007
5.96334e+010 2.55889e+011 1.30532e+011 19207.1 -9720.83 5107.57 4e+027 9.84745e+007
1.77509e+011 1.42276e+011 3.18784e+011 3218.72 -1177.57 3075.4 4e+027 9.84745e+007
-6.27771e+011 3.87191e+011 1.78136e+010 -3806.98 8350.74 2254.7 4e+027 9.84745e+007
2.12316e+011 -2.29264e+011 1.0183e+011 -14215.3 -2335.84 2275.77 4e+027 9.84745e+007
-2.09217e+010 -1.86812e+011 2.26206e+011 -12076.4 -683.146 4502.25 4e+027 9.84745e+007
1.16637e+010 2.18276e+011 6.09444e+010 -15511.8 14353.9 122.75 1.04e+029 2.9173e+008
1.24058e+012 2.32425e+011 -3.70637e+011 47812.9 1470.33 -16942.7 4e+027 9.84745e+007
1.45962e+011 1.76989e+011 6.31491e+010 -919.844 -13538.8 5133.95 4e+027 9.84745e+007
1.23914e+010 2.1739e+011 1.21358e+011 -14693.4 1430.1 1887.62 4e+027 9.84745e+007
3.77666e+011 -1.92835e+011 -7.79787e+010 983.789 -10235.7 247.437 4e+027 9.84745e+007
1.07194e+011 4.8255e+011 2.21998e+010 3025.67 -17489.2 940.577 4e+027 9.84745e+007
-6.38295e+011 5.02177e+011 -2.86352e+010 6733.45 5630.33 5952.74 4e+027 9.84745e+007
1.47442e+011 2.44396e+010 -6.72002e+010 -1230.08 34.4844 1553.52 4e+027 9.84745e+007
7.60194e+010 1.8565e+011 1.19741e+010 -5867.74 -11870.7 1625.56 1.6e+028 1.56319e+008
-1.33859e+012 -1.15811e+012 9.63441e+011 -15756.8 -14452.5 10961.4 4e+027 9.84745e+007
4.27672e+011 -7.58528e+011 5.8128e+011 10342.9 -20758.3 10798.4 4e+027 9.84745e+007
-3.16225e+010 2.45424e+011 -3.4159e+009 -14448.4 17817.2 8149.83 8e+027 1.2407e+008
9.15217e+010 2.5585e+011 -6.69595e+009 28334.2 353.498 5106.97 4e+027 9.84745e+007
-2.3114e+011 2.43687e+011 1.58902e+011 -10752.4 11998.8 -2418.8 4e+027 9.84745e+007
-2.85084e+010 2.86343e+011 5.41374e+010 -2386.76 25883.9 -4699.14 4e+027 9.84745e+007
1.27271e+011 -6.51437e+010 1.45164e+011 -10141 -7584.43 3259.42 4e+027 9.84745e+007
2.83286e+011 5.38117e+010 6.26852e+010 -11424.2 -1924.26 -1281.22 4e+027 9.84745e+007
2.23262e+011 3.39843e+011 5.7266e+010 1249.89 -6327.92 -2300.76 4e+027 9.84745e+007
-3.30211e+010 2.43235e+011 4.80239e+010 27472.6 9102.69 -785.098 4e+027 9.84745e+007
-2.39491e+011 1.98608e+011 -3.4132e+010 4912.56 16876.5 4211.03 4e+027 9.84745e+007
-7.63591e+011 2.07773e+011 5.03722e+011 -12089 2049.48 6617.5 4e+027 9.84745e+007
-1.85904e+010 1.53509e+011 8.88229e+010 -8809.64 6082.8 -692.538 4e+027 9.84745e+007
-1.05796e+011 1.33443e+011 -3.9191e+010 -3234.82 12287.7 -5514.5 4e+027 9.84745e+007
-1.5716e+010 -3.2004e+010 -1.35168e+010 2058.94 -8811.6 3490.61 4e+027 9.84745e+007
-2.39033e+010 1.2351e+011 3.98313e+010 -7545.38 14453 7533.4 2e+028 1.68389e+008
1.32878e+011 4.60852e+011 1.64806e+011 14531.7 -3410.6 2596.38 4e+027 9.84745e+007
1.15672e+011 2.09959e+011 1.21551e+010 23518.6 -7884.16 3233.34 4e+027 9.84745e+007
1.30545e+011 2.71004e+011 -1.84397e+011 -2627.89 -815.55 4831.87 8e+027 1.2407e+008
2.20014e+011 -1.02109e+011 5.64395e+010 -17718.8 -3625.72 -371.927 4e+027 9.84745e+007
2.41418e+011 3.56676e+011 -4.18814e+010 3537.4 -277.901 -4059.89 4e+027 9.84745e+007
-1.79237e+011 2.76672e+011 -2.5412e+010 6119.09 8905.92 7779.55 4e+027 9.84745e+007
-5.87847e+011 5.5768e+011 1.15867e+011 8168.88 8702.44 680.155 4e+027 9.84745e+007
6.53271e+010 2.63696e+011 -4.30442e+010 -10304.3 -12780.2 -10850.4 4e+027 9.84745e+007
4.09913e+011 4.8344e+010 2.49118e+011 -10150.1 -10951.2 2940.27 4e+027 9.84745e+007
-5.94073e+011 4.81577e+011 3.70673e+010 8220.11 7602.84 2241.37 4e+027 9.84745e+007
3.55278e+010 2.14527e+011 9.93288e+010 -23047.2 -2261.21 -5112.89 4e+027 9.84745e+007
7.09418e+010 2.77739e+011 -2.32258e+010 -8133.41 -5976.54 -3144.17 4e+027 9.84745e+007
-3.16734e+011 6.10608e+009 1.57286e+010 -12101.3 7246.27 2877.37 1.2e+028 1.42025e+008
4.89146e+011 6.05763e+011 -1.28223e+011 1260.34 27.4254 957.76 4e+027 9.84745e+007
3.47453e+010 1.85175e+011 7.14723e+010 4558.92 -31851.4 1133.48 4e+027 9.84745e+007
-1.86755e+010 2.82399e+011 9.83664e+010 19838.5 -12083.1 14204.3 4e+027 9.84745e+007
6.41031e+010 4.29413e+011 8.47203e+010 11788 2399.94 -2651.67 4e+027 9.84745e+007
-5.87614e+010 2.10503e+011 7.52073e+010 -8371.59 8443.42 -14417.6 4e+027 9.84745e+007
4.71969e+012 3.31832e+012 1.5634e+011 43616.2 29435.7 1446.26 4e+027 9.84745e+007
-2.01137e+011 5.51959e+011 1.78213e+011 10035.8 1721.04 4149.8 4e+027 9.84745e+007
3.26044e+010 9.33429e+009 1.41821e+011 -10560.4 16270.6 -1629.65 4e+027 9.84745e+007
-9.06478e+010 2.32163e+011 4.40816e+010 -15946.2 25220.2 -4917.91 4e+027 9.84745e+007
8.71558e+011 4.11964e+011 -1.00899e+012 8215.92 3222.8 -8006.07 4e+027 9.84745e+007
3.53372e+010 1.97033e+011 7.24811e+010 1324.03 10478 9596.49 4e+027 9.84745e+007
-1.50413e+012 4.11289e+012 -1.45687e+012 -11908.6 36200.7 -12374.2 4e+027 9.84745e+007
-1.99865e+011 2.77672e+011 -4.62342e+010 -9243.37 12864.7 -5981.15 4e+027 9.84745e+007
-1.45752e+011 1.29528e+011 1.74904e+011 13765.5 9150.2 -1390.5 8e+027 1.2407e+008
2.44166e+012 8.49667e+011 2.50354e+011 14911.4 3819.41 -79.09 4e+027 9.84745e+007
-8.87243e+010 2.20285e+011 -1.27885e+011 -10409.8 319.335 -18990.2 4e+027 9.84745e+007
1.91182e+010 1.8096e+011 2.9056e+009 -11763.2 -9805.23 -2256.33 8e+027 1.2407e+008
1.58369e+011 1.73413e+011 2.29205e+011 -6855.74 -12072.6 5421 4e+027 9.84745e+007
2.88633e+011 2.5703e+011 -3.27529e+010 7819.54 -11152.7 9207.52 4e+027 9.84745e+007
3.02793e+010 2.9263e+011 -3.54064e+009 16244 -22253.9 -4249.52 4e+027 9.84745e+007
-7.54711e+010 3.49786e+011 -8.01501e+010 3405.85 18613.2 -8900.99 4e+027 9.84745e+007
-1.86576e+010 1.22236e+010 1.65911e+010 -1972.83 13064.7 7258.39 4e+027 9.84745e+007
6.32586e+010 2.28801e+011 3.97929e+009 -10512.3 -9030.61 -5613.36 8e+027 1.2407e+008
5.7288e+010 1.6174e+011 1.08094e+011 -24176.3 -18533.3 8552.04 4e+027 9.84745e+007
-4.63356e+009 3.08836e+011 9.31939e+010 -1327.01 -14145.8 9947.22 8e+027 1.2407e+008
1.34024e+011 1.87102e+011 1.80597e+010 8461.38 -18273.5 -13330.1 1.2e+028 1.42025e+008
-2.33804e+011 8.73658e+010 6.15238e+010 -7955.69 18506.2 1767.39 4e+027 9.84745e+007
1.19047e+012 6.36011e+011 -5.16861e+010 7202.51 2653.19 1524.69 8e+027 1.2407e+008
3.07771e+010 1.59937e+011 2.65947e+010 -7990.17 12559.8 -4288 4e+027 9.84745e+007
9.18514e+010 3.06335e+011 1.21853e+011 9135.83 -8721.87 -14359.2 4e+027 9.84745e+007
2.56096e+011 2.30355e+011 -4.37309e+009 -8867.18 -11251.9 5311.61 8e+027 1.2407e+008
6.08825e+011 -5.04661e+010 -3.41362e+011 1535.09 -5428.37 2144.76 4e+027 9.84745e+007
-1.48105e+010 3.21892e+010 -1.23178e+011 -7770.24 4285.89 -9960 4e+027 9.84745e+007
-7.94594e+011 1.45278e+011 2.65407e+011 729.591 9673.13 -1681.24 4e+027 9.84745e+007
1.43929e+010 2.42938e+011 9.9093e+010 14409.4 -13066.6 -11204 4e+027 9.84745e+007
-4.69367e+010 2.48068e+011 5.26621e+010 -40497.3 29730.2 -10613.2 4e+027 9.84745e+007
6.06997e+010 -3.78615e+011 -6.22754e+010 -7945.55 -7651.66 710.207 4e+027 9.84745e+007
1.53573e+010 -2.05114e+010 -1.76231e+010 -15758.2 -4787.64 8085.64 8e+027 1.2407e+008
2.06523e+011 3.20466e+011 -2.16095e+010 11057.4 -16266.5 5287.57 4e+027 9.84745e+007
4.82298e+010 1.75744e+011 8.13629e+010 -8944.19 183.099 -8868.97 4e+027 9.84745e+007
1.63369e+011 3.88995e+011 9.43438e+010 6355.65 -17613.1 -3702.7 4e+027 9.84745e+007
-1.59908e+011 6.90092e+011 7.59823e+010 -19448.1 52518.5 1957.9 4e+027 9.84745e+007
6.23938e+011 1.26534e+012 7.14346e+010 7750.03 17531.5 -302.304 4e+027 9.84745e+007
-1.01509e+010 4.70961e+011 1.09225e+011 14378.2 5683.63 3446.94 4e+027 9.84745e+007
-1.30544e+010 1.59718e+011 2.42138e+011 1482.22 -6733.28 5421.93 4e+027 9.84745e+007
1.65789e+010 1.17786e+011 9.1208e+009 -12310.7 6724.78 -4581.89 8e+027 1.2407e+008
-9.79125e+010 5.68092e+009 -1.13012e+011 -13902.8 9364.89 8836.54 4e+027 9.84745e+007
-5.60532e+010 -7.68745e+010 8.22302e+010 -11091.9 -8392.22 -860.031 8e+027 1.2407e+008
-4.12594e+010 -1.2323e+011 6.00079e+010 -5716.69 15514.3 1738.4 4e+027 9.84745e+007
3.86515e+009 2.5997e+011 2.47139e+010 20600.6 20006.1 9187.37 4e+027 9.84745e+007
2.39548e+010 1.99205e+011 4.88152e+010 594.246 1169.39 46119.8 4e+027 9.84745e+007
3.28828e+010 2.19054e+011 6.23461e+010 -9864.71 51785.8 15104.8 8e+027 1.2407e+008
-1.04216e+010 1.16079e+011 8.13615e+010 -25976.4 -960.752 -2265.18 1.2e+028 1.42025e+008
1.58115e+010 5.81313e+009 9.25758e+010 -22391.1 -1776.44 -2561.33 4e+027 9.84745e+007
6.83414e+010 2.23079e+011 4.49969e+010 16487.7 -25572.9 9011.99 4e+027 9.84745e+007
8.46355e+010 2.21487e+011 1.42354e+010 -21681.9 -587.981 4422.83 8e+027 1.2407e+008
-1.72198e+011 5.67767e+011 -5.28387e+010 8336.57 -3484.27 10926.4 4e+027 9.84745e+007
-1.35866e+011 2.03072e+011 4.51661e+010 5312.06 23981.6 3036.69 8e+027 1.2407e+008
-1.07976e+012 1.44974e+012 -4.41249e+011 -2048.43 9083.34 -2026.31 4e+027 9.84745e+007
2.13698e+011 4.47641e+011 2.18368e+011 11779.1 2292.51 1848.04 8e+027 1.2407e+008
2.07732e+010 2.46669e+011 9.47866e+010 12768 34719.3 -17961.6 4e+027 9.84745e+007
-1.45769e+011 2.96395e+011 -3.25347e+010 10690 6847.18 4566.93 4e+027 9.84745e+007
1.57557e+012 4.32939e+011 7.71525e+011 10055.9 5080.77 3073.41 4e+027 9.84745e+007
1.88817e+012 2.50574e+012 -1.72552e+011 24555.6 31348.5 -2629 4e+027 9.84745e+007
4.66689e+010 2.53436e+010 -7.45614e+010 -2324.57 -7888.19 -2173.51 4e+027 9.84745e+007
-1.02372e+010 1.81403e+011 7.68477e+010 -12772.8 -2632.7 -6127.45 4e+027 9.84745e+007
5.41438e+011 -1.65839e+012 -1.88319e+011 1650.44 -10241.4 -1222.02 4e+027 9.84745e+007
2.66199e+010 2.91344e+011 -6.24378e+010 7007.86 2755.7 7861.13 4e+027 9.84745e+007
-2.0677e+010 2.94682e+011 -4.09923e+010 10811.1 -2930.95 19224.4 8e+027 1.2407e+008
-9.85498e+010 7.74384e+010 1.2638e+011 -19970 4627.98 10696.8 4e+027 9.84745e+007
3.23567e+011 2.41886e+011 2.27081e+009 2010.16 -6555.07 -52.2666 4e+027 9.84745e+007
-1.8256e+011 -7.59593e+011 3.08812e+011 -7306.59 -11981.7 7279.65 4e+027 9.84745e+007
1.28955e+011 3.55964e+010 2.42613e+011 -8637.09 5135.59 -1106.46 4e+027 9.84745e+007
-3.16128e+011 7.10641e+010 1.1596e+011 -9418.99 14681 -689.371 4e+027 9.84745e+007
4.71962e+011 5.97659e+011 1.61711e+011 7134.36 -2249.61 -192.273 4e+027 9.84745e+007
2.74086e+011 2.74803e+011 -6.31756e+010 11882.4 -9613.87 -2482.61 8e+027 1.2407e+008
8.36336e+010 2.69699e+011 7.38263e+010 6234.02 -8039.31 4450.24 8e+027 1.2407e+008
-3.02644e+010 1.63589e+011 4.82793e+009 -6713.33 15081.5 311.246 4e+027 9.84745e+007
1.49859e+011 8.70407e+010 9.87115e+010 -22009.2 -4451.36 9945.35 4e+027 9.84745e+007
1.23859e+012 -1.34014e+012 3.95003e+011 18041.4 -22278.6 5115.82 4e+027 9.84745e+007
-8.97366e+012 -1.14348e+012 -4.10269e+012 -90046.5 -12367.7 -41248.7 4e+027 9.84745e+007
2.4106e+011 3.79128e+011 6.96301e+010 17936.1 -4495.21 3477.16 4e+027 9.84745e+007
-1.87667e+011 1.75057e+011 6.28591e+009 3393.62 9427.52 -10262 4e+027 9.84745e+007
-1.17119e+011 8.53876e+010 8.03056e+010 17650.8 16178.4 -11069.2 4e+027 9.84745e+007
2.67608e+009 2.45622e+011 7.46454e+010 35791.5 3525.13 11961.3 4e+027 9.84745e+007
-4.02862e+010 2.67756e+011 -4.15075e+010 -10768 15866.1 -16995.1 4e+027 9.84745e+007
-7.05009e+009 3.37252e+011 1.01901e+011 7203.66 523.167 -1008.48 4e+027 9.84745e+007
-1.45927e+011 -4.7213e+011 1.35514e+011 -7380.67 -21542.6 697.45 4e+027 9.84745e+007
-2.07493e+010 2.28965e+011 2.81529e+011 4874.51 5030.85 6921.52 4e+027 9.84745e+007
4.41389e+010 1.59862e+011 1.00072e+011 -27550.9 -8974.3 -6034.7 4e+027 9.84745e+007
4.48115e+010 1.59614e+011 1.02618e+011 -20648.1 -15855.1 3637.63 4e+027 9.84745e+007
1.5569e+011 3.84997e+011 4.34893e+010 11361.3 -10208.4 11830.4 4e+027 9.84745e+007
8.66366e+011 -3.95455e+011 3.01812e+011 184188 -130353 51313.2 4e+027 9.84745e+007
1.32593e+011 1.89568e+011 2.70497e+010 -21852.2 -5547.35 4192.45 4e+027 9.84745e+007
2.91638e+010 -2.66739e+011 -7.58869e+010 -4968.1 9916.78 5393.72 4e+027 9.84745e+007
-1.59913e+011 2.03746e+011 1.81023e+011 -1538.38 1494.21 2102.94 4e+027 9.84745e+007
1.91318e+012 7.34716e+010 -1.84534e+012 21845.8 -51.7052 -20773 4e+027 9.84745e+007
5.35009e+010 3.10532e+011 1.31368e+011 9796.68 -1914.28 -283.623 4e+027 9.84745e+007
-1.17867e+012 -8.17333e+011 -1.16368e+010 -8183.02 344.118 -622.486 4e+027 9.84745e+007
-1.67217e+011 7.36746e+011 6.64857e+010 3743.66 9246.6 1214.67 4e+027 9.84745e+007
-8.50981e+008 2.80111e+011 1.17129e+011 13975.7 7657.65 21150.9 8e+027 1.2407e+008
2.02411e+011 4.53454e+011 2.17385e+010 14411.4 -5053.73 1853.27 8e+027 1.2407e+008
1.27071e+010 3.93317e+011 9.51065e+010 21129.4 7272.21 -2120.79 4e+027 9.84745e+007
2.79701e+010 6.14881e+011 1.57111e+011 5162.79 14874.8 10733.1 4e+027 9.84745e+007
3.01648e+010 3.35491e+011 -4.43207e+010 7067.2 396.619 1699.07 1.6e+028 1.56319e+008
6.92555e+010 1.46492e+011 1.76616e+011 5241.18 459.335 -1054.35 4e+027 9.84745e+007
-2.61284e+011 -1.81607e+009 -1.31242e+011 -12682.8 10202.4 970.455 4e+027 9.84745e+007
1.37164e+010 1.61852e+011 1.09437e+010 -24818 688.102 -2933.99 1.2e+028 1.42025e+008
6.97928e+010 3.20455e+011 1.2643e+011 12668.9 -17922.7 -6436.87 4e+027 9.84745e+007
6.19956e+010 4.41297e+011 -9.49715e+010 5093.99 -1538.04 7879.67 4e+027 9.84745e+007
1.3302e+011 8.36284e+010 2.85654e+010 -7713.63 880.388 12799.3 4e+027 9.84745e+007
-7.16014e+010 3.33487e+011 9.00401e+010 15058.6 4722.06 10615.7 4e+027 9.84745e+007
2.9894e+011 9.82894e+011 -1.42753e+011 8049.46 5947.49 -2751.77 4e+027 9.84745e+007
-3.62502e+011 -2.71667e+011 1.56495e+011 -3201.72 8702.61 255.575 4e+027 9.84745e+007
1.32962e+011 -3.11168e+009 2.57255e+011 -9292.79 -6640.42 5912.61 4e+027 9.84745e+007
1.44791e+011 9.47604e+010 2.1604e+009 -11746.4 4581.59 -936.221 4e+027 9.84745e+007
1.65239e+010 3.8893e+011 -7.12834e+010 14856.3 10832.8 5069.64 4e+027 9.84745e+007
5.55286e+010 3.29155e+009 1.18943e+011 -18041.7 3602.25 -5071.5 4e+027 9.84745e+007
3.55444e+010 2.87093e+011 8.83235e+010 19393.8 757.259 9729.52 4e+027 9.84745e+007
1.62514e+011 -3.58078e+011 9.90633e+010 -4725.17 3015.38 -3152.36 4e+027 9.84745e+007
3.75703e+010 2.86386e+011 6.28563e+010 24676.1 -5675.86 11858.3 4e+027 9.84745e+007
2.25295e+011 2.18943e+011 -5.32084e+009 -9425.76 1177.37 4069.13 4e+027 9.84745e+007
-1.1258e+010 2.03866e+011 7.624e+010 -16263.7 18679.7 3786.52 8e+027 1.2407e+008
3.73722e+011 -8.9661e+011 -1.64287e+011 815.628 -1184.07 1528.51 4e+027 9.84745e+007
5.46657e+010 -5.0751e+009 3.08848e+010 -14367.3 -1091.61 -11259.8 4e+027 9.84745e+007
1.86331e+011 3.00623e+011 4.27522e+010 -970.224 -7630.65 -11871.1 4e+027 9.84745e+007
-1.34161e+011 2.9797e+011 1.0351e+011 -634.857 16958.3 -4480.16 4e+027 9.84745e+007
2.20775e+011 3.48006e+011 9.40062e+010 -6421.27 -17905.4 -9643.29 4e+027 9.84745e+007
3.37768e+009 -1.32816e+011 1.70821e+009 -15805.2 2122.59 2767.82 4e+027 9.84745e+007
7.58649e+010 2.5783e+011 7.08631e+010 18637.4 -14806 -3013.89 4e+027 9.84745e+007
3.3028e+011 5.88165e+011 -3.53718e+009 15727.6 -2196.16 2317.71 4e+027 9.84745e+007
-1.12309e+011 4.58291e+011 -2.04899e+010 22599.9 9091.79 115.743 4e+027 9.84745e+007
-4.04588e+010 1.36369e+011 2.2438e+010 -2342.54 4342.55 -1306.92 4e+027 9.84745e+007
-4.26202e+011 3.14417e+011 8.5959e+010 7970.1 2895.95 3893.12 4e+027 9.84745e+007
-1.27476e+011 2.52618e+011 8.85755e+010 -2138.96 27699.1 -5363.5 8e+027 1.2407e+008
-5.19211e+010 7.15597e+009 8.5704e+010 -5500.1 17342 3259.87 4e+027 9.84745e+007
1.02969e+011 3.13516e+011 1.18523e+011 24024.9 5532.51 13174.4 4e+027 9.84745e+007
2.29094e+011 4.61435e+011 -1.09283e+010 5442.69 -9830.91 4206.16 4e+027 9.84745e+007
2.12045e+011 1.04279e+012 4.10326e+010 6845.01 -1884.53 -1912.74 4e+027 9.84745e+007
8.67258e+010 2.7842e+011 1.09742e+011 1633.46 -7043.96 -14291.3 4e+027 9.84745e+007
3.8859e+010 -7.20566e+010 1.56317e+011 -11293.4 9785.8 5598.22 4e+027 9.84745e+007
-8.33486e+010 3.50454e+011 2.27414e+011 15318.9 7211.38 695.886 4e+027 9.84745e+007
3.40586e+011 -1.54239e+011 1.92042e+011 -7144.96 -5182.04 -4880.44 4e+027 9.84745e+007
2.90136e+011 3.8885e+011 8.34675e+010 5059.75 -4545.22 1760.9 4e+027 9.84745e+007
1.46404e+011 9.25665e+010 8.4634e+009 -6905.38 -9744.08 -815.79 4e+027 9.84745e+007
-1.60501e+011 3.26953e+011 2.0095e+011 8988.11 4388.01 -15612.8 4e+027 9.84745e+007
-1.9041e+011 3.75112e+010 8.89687e+010 -8949.98 3934.28 4649.92 4e+027 9.84745e+007
6.75751e+011 -2.82302e+010 -4.05759e+011 5356.1 329.826 -4363.93 4e+027 9.84745e+007
-1.04716e+011 4.40492e+011 -2.60548e+010 19046.3 -2471.48 -3536.46 8e+027 1.2407e+008
-7.64859e+010 3.65829e+011 1.76642e+011 -2335.52 17556.1 6861.18 4e+027 9.84745e+007
-7.80039e+010 1.1963e+011 1.83138e+010 -2794.78 7054.98 -6092.6 4e+027 9.84745e+007
-1.06003e+011 2.77782e+011 -6.53888e+009 11576.3 7110.95 -4601.4 4e+027 9.84745e+007
1.12359e+011 2.36986e+011 5.21177e+010 3320.35 -20407.3 -1280.83 4e+027 9.84745e+007
-1.66995e+011 2.79288e+011 -4.49628e+010 -5720.23 8932.33 2300.3 4e+027 9.84745e+007
6.23729e+011 3.03233e+011 -9.75948e+010 -6137.31 -447.803 1045.24 4e+027 9.84745e+007
-4.31666e+010 2.58937e+011 1.45642e+011 9324.28 13713 -1777.87 4e+027 9.84745e+007
-2.26916e+011 4.06466e+011 2.07449e+011 120.254 932.118 -1014.21 8e+027 1.2407e+008
-2.82309e+012 3.59624e+012 1.3345e+012 -19562.9 26998.9 9965.85 4e+027 9.84745e+007
-3.43896e+010 2.07456e+011 1.89848e+011 -7597.63 390.779 4088.36 4e+027 9.84745e+007
-1.82108e+011 1.72194e+011 -2.73994e+010 2865.34 23448 -7753.89 4e+027 9.84745e+007
8.68313e+010 2.88808e+011 6.03382e+010 1204.12 -17782.4 21022.5 4e+027 9.84745e+007
7.23634e+010 1.93203e+011 6.71494e+010 15014 -17664.7 -1719.84 4e+027 9.84745e+007
1.93368e+010 7.27175e+011 -7.61955e+010 4197 9032.73 409.694 4e+027 9.84745e+007
-2.16894e+011 1.9261e+011 2.59226e+010 -5214.67 13683.6 -4613.56 4e+027 9.84745e+007
-1.19934e+011 2.04777e+011 7.8285e+010 211.056 11338.5 -68.5 4e+027 9.84745e+007
3.12616e+010 6.24237e+009 1.563e+010 -23354.3 15249.7 3040.61 4e+027 9.84745e+007
6.23848e+010 3.27833e+011 -1.36589e+010 21137.8 -11626.2 -11373 4e+027 9.84745e+007
-1.02281e+010 1.95805e+010 7.46053e+010 -17518.1 726.33 -7793.82 4e+027 9.84745e+007
-3.94791e+011 1.39419e+012 -1.16135e+011 250.232 6278.52 1342.41 4e+027 9.84745e+007
2.76128e+011 3.53284e+011 2.23329e+011 -5955.13 -7417.56 -3214.86 4e+027 9.84745e+007
-2.34322e+010 2.66551e+011 8.76431e+010 1467.58 1722.46 -25382.1 4e+027 9.84745e+007
3.11906e+011 -7.88881e+010 -3.65953e+009 -12537.1 -6685.46 -841.519 4e+027 9.84745e+007
1.14969e+011 2.42928e+011 4.61201e+010 6610.72 -28589.3 7788.24 4e+027 9.84745e+007
3.90023e+010 2.32567e+011 9.65923e+010 7628.13 -6225.78 34087.3 4e+027 9.84745e+007
3.36994e+010 2.65228e+011 -1.01708e+010 7291.31 1599.11 1300.74 4e+027 9.84745e+007
2.78692e+011 3.34683e+011 7.24253e+010 9296.11 -3712.18 -1567.02 4e+027 9.84745e+007
3.16693e+011 9.93804e+010 4.16951e+010 -5165.11 -11599.7 7662.98 4e+027 9.84745e+007
2.46343e+009 1.75027e+011 -7.26238e+009 -9365.74 23271.3 -5815.24 4e+027 9.84745e+007
4.49582e+011 7.56099e+011 -2.33276e+008 -780.816 -2428.01 1534.75 4e+027 9.84745e+007
1.68526e+011 1.99693e+011 -2.68453e+010 -3153.46 -10084.3 -1027.79 8e+027 1.2407e+008
1.70684e+011 2.91606e+010 2.81557e+011 -1533.05 -12049.4 11216.6 4e+027 9.84745e+007
7.34926e+010 4.27904e+011 -8.42787e+010 15041 4836.46 -6773.31 4e+027 9.84745e+007
2.08653e+010 1.87326e+011 4.62053e+010 -14731.4 -17913.5 16415.6 4e+027 9.84745e+007
2.60954e+011 2.11464e+011 -8.88873e+010 816.403 -2689.43 286.154 4e+027 9.84745e+007
2.05706e+011 -5.67883e+011 -1.79373e+011 -5222.37 747.297 1869.2 4e+027 9.84745e+007
-3.91629e+009 8.06047e+010 -2.58056e+009 -16566.5 -13791.7 13408.2 4e+027 9.84745e+007
-1.7521e+011 3.44991e+010 1.30861e+011 -15744.7 5499.17 3525.94 4e+027 9.84745e+007
4.19543e+010 4.74679e+009 1.32201e+010 -21878 16896.1 -854.743 4e+027 9.84745e+007
7.61248e+010 3.26766e+011 2.06496e+009 13919.7 -3629.51 2877.1 4e+027 9.84745e+007
-1.36515e+012 6.78129e+012 4.97865e+011 -14528.3 72542.8 5447.63 4e+027 9.84745e+007
2.11445e+011 2.04258e+011 1.54731e+010 4295.71 -25038.9 120.829 4e+027 9.84745e+007
1.46443e+012 -2.18048e+012 -7.55465e+011 7754.7 -14392.5 -5164.1 4e+027 9.84745e+007
2.30435e+011 5.44608e+010 1.33346e+011 -15559.6 -6637.32 -584.851 4e+027 9.84745e+007
5.45278e+011 -6.25762e+009 -7.78077e+011 1717.83 420.99 -122.957 8e+027 1.2407e+008
-2.37503e+010 1.97291e+011 8.40063e+010 -18679.4 35380.4 -1522.37 4e+027 9.84745e+007
-9.9835e+010 2.2693e+011 9.98634e+010 10126.9 11915.7 572.561 4e+027 9.84745e+007
1.13927e+011 -7.72929e+010 2.50726e+011 2708.52 -3344.23 10831.6 4e+027 9.84745e+007
-2.93241e+010 2.12901e+010 8.99794e+009 4800.33 7772.59 -2925.52 4e+027 9.84745e+007
-1.13592e+011 2.35296e+011 5.34319e+010 11210.4 27947.3 7422.93 4e+027 9.84745e+007
-8.00468e+010 9.6017e+011 5.40269e+011 -4470.23 33597.7 20417.3 4e+027 9.84745e+007
1.04575e+011 2.64353e+011 -4.25742e+010 6414.91 -6827.85 13984.4 4e+027 9.84745e+007
-2.61686e+011 7.15862e+011 -2.76841e+009 2951.13 7955.99 -430.05 4e+027 9.84745e+007
-2.71001e+011 1.75016e+010 -8.0158e+010 -6082.9 12383.8 -6659.44 4e+027 9.84745e+007
9.56897e+010 3.1446e+011 1.03029e+011 20184.1 3951.07 -10370.5 4e+027 9.84745e+007
-6.57703e+010 1.13703e+011 -5.4354e+010 -9180.65 17064.5 191.746 4e+027 9.84745e+007
1.72669e+011 1.74449e+011 8.95266e+010 -3947.77 -13674.9 8187.39 8e+027 1.2407e+008
7.34179e+010 -2.08836e+011 1.4236e+010 -19657.9 -3319.48 -225.386 4e+027 9.84745e+007
2.74124e+010 2.17496e+011 9.05171e+010 6918.59 -2570.14 -18634.3 4e+027 9.84745e+007
-3.41537e+010 4.44785e+011 -1.36573e+011 5127.92 -3035.8 2581.77 8e+027 1.2407e+008
-1.64745e+011 3.59179e+011 1.04352e+011 5581.7 14416 -4645.71 4e+027 9.84745e+007
-2.27056e+011 1.45838e+011 1.30972e+011 -7102.2 19706.2 1978.4 4e+027 9.84745e+007
-2.90967e+010 1.35102e+011 6.11649e+010 13138.7 32106.2 -3425.59 4e+027 9.84745e+007
-6.89425e+010 4.52398e+011 -5.30655e+010 13718.7 6063.05 10301.4 8e+027 1.2407e+008
1.27845e+011 8.88136e+010 1.86271e+011 1360.61 -14025 3954.79 4e+027 9.84745e+007
-6.20628e+010 2.83238e+011 4.17345e+010 -3763.29 -28.6032 -8289.37 4e+027 9.84745e+007
2.54813e+011 7.55055e+011 2.07038e+011 -1391.74 -171.797 1421.41 4e+027 9.84745e+007
1.00198e+011 3.58682e+011 -1.56275e+011 7627.87 -10025.4 -3107.54 8e+027 1.2407e+008
-1.46078e+011 1.78173e+011 -5.79722e+010 2795.37 20112.8 1539.03 4e+027 9.84745e+007
-9.97853e+011 1.36675e+012 -1.11485e+011 -18776.5 24650.2 -2216.7 4e+027 9.84745e+007
6.20133e+011 -1.59749e+012 -4.10435e+010 6970.63 -19204.6 -705.892 4e+027 9.84745e+007
8.99569e+010 1.69601e+011 2.16526e+011 5593.64 5345.47 6214.74 4e+027 9.84745e+007
4.8365e+011 -5.05137e+011 7.94251e+010 -6755.31 2058.66 -1181.63 4e+027 9.84745e+007
5.14348e+011 1.51677e+012 9.63351e+010 7457.27 6692.36 1244.94 4e+027 9.84745e+007
1.07004e+011 2.44782e+011 7.12192e+010 7851.25 -15776 -16250.4 4e+027 9.84745e+007
-3.78281e+009 1.29443e+011 9.42597e+010 -12072.4 829.64 -24812.2 4e+027 9.84745e+007
6.2505e+010 4.1747e+011 9.07598e+010 20623.6 -7852.41 1523.09 4e+027 9.84745e+007
-2.22858e+011 8.14244e+010 1.84664e+010 -3379.2 22269.6 2910.8 4e+027 9.84745e+007
-1.54451e+011 1.02823e+012 -3.35411e+010 6702.27 1519.12 2599.83 4e+027 9.84745e+007
9.03779e+009 2.58799e+011 -1.07012e+011 10101.5 -4983.2 15958.7 4e+027 9.84745e+007
-3.73373e+011 9.69906e+011 2.08902e+011 1742.3 2553.14 -1043.72 4e+027 9.84745e+007
2.6672e+010 4.93798e+011 7.60352e+009 11886.1 4495.38 2303.27 4e+027 9.84745e+007
2.21123e+011 -9.00513e+010 -1.92456e+010 -10565.4 -7741.93 -85.3338 4e+027 9.84745e+007
-3.40466e+011 2.96715e+009 3.77906e+010 2176.71 11444.1 -448.126 4e+027 9.84745e+007
-5.8497e+011 2.82285e+011 5.36207e+010 -3411.03 7844.34 -783.125 4e+027 9.84745e+007
-5.85129e+011 1.02925e+011 3.51419e+011 785.681 2031.37 -2797.59 4e+027 9.84745e+007
2.26086e+011 1.84304e+011 4.32157e+010 -6816.9 -4967.78 -5943.71 4e+027 9.84745e+007
-7.49935e+010 4.32752e+008 -4.63593e+010 -22011.6 5709.87 -3752.71 4e+027 9.84745e+007
1.18857e+011 -1.84898e+011 -7.72733e+010 -9943.47 -28.9768 3459.13 4e+027 9.84745e+007
1.0875e+011 4.23593e+011 -2.21865e+009 1385.8 -10696.5 3918.66 4e+027 9.84745e+007
-1.08692e+011 1.08663e+011 -1.29764e+011 754.738 16678.6 5921.33 4e+027 9.84745e+007
2.65395e+010 2.19828e+011 1.17176e+011 -22415.8 -29658.6 2128.22 4e+027 9.84745e+007
-1.24569e+011 3.17712e+011 9.67943e+010 14105.5 12721.8 -1718.27 4e+027 9.84745e+007
-2.17503e+010 -7.08069e+010 -1.0136e+011 -8900.72 12768.9 -5587.79 4e+027 9.84745e+007
7.24519e+010 -1.37289e+011 3.35987e+011 2133.52 -18902.8 13251.1 4e+027 9.84745e+007
2.64985e+012 -3.05513e+012 -8.50776e+012 70357.5 -84711.2 -225649 4e+027 9.84745e+007
5.02807e+010 -1.61354e+011 2.68832e+010 -1314.12 12930.2 4331.27 4e+027 9.84745e+007
-1.31047e+011 2.80531e+011 1.05781e+011 -3534.61 12086.8 -10351.7 4e+027 9.84745e+007
4.38312e+011 -2.45569e+011 9.82146e+010 -11793.2 1751.18 1574.47 4e+027 9.84745e+007
5.56054e+011 1.43972e+011 1.01258e+011 7211.29 -3634.8 1765.98 4e+027 9.84745e+007
1.66265e+012 -2.97205e+012 -3.41322e+011 9966.51 -21937.9 -2614.56 4e+027 9.84745e+007
-1.46116e+011 -6.50653e+010 6.96978e+010 -13880.6 -3914.75 4500.35 4e+027 9.84745e+007
2.16469e+012 -1.23368e+012 1.12577e+012 12515.7 -9198.13 7127.26 4e+027 9.84745e+007
2.76334e+011 3.77227e+011 6.65712e+010 3994.38 -17529.1 -8549.52 4e+027 9.84745e+007
4.45762e+011 4.79333e+011 1.76951e+010 7018.53 -10906.2 4197.06 4e+027 9.84745e+007
3.40442e+012 3.54044e+011 1.0006e+012 22752.4 1031.19 7586.39 4e+027 9.84745e+007
-4.86754e+011 3.92799e+011 1.06866e+011 -2365.35 11279.2 7389.82 4e+027 9.84745e+007
9.64086e+010 -1.34884e+010 1.70273e+011 -12721.3 -4834.67 1972.53 4e+027 9.84745e+007
4.4916e+010 1.39168e+010 9.71137e+010 -2925.9 -9946.05 -588.448 4e+027 9.84745e+007
-3.48062e+011 -9.44506e+010 1.62714e+011 -2753.42 9357.64 -2842.37 4e+027 9.84745e+007
9.19284e+010 3.03626e+011 3.30859e+010 20853.1 -3778.32 4787.93 4e+027 9.84745e+007
1.72632e+011 8.34222e+011 7.36644e+010 9262.21 9005.37 904.058 4e+027 9.84745e+007
-1.76213e+011 2.12489e+011 1.24389e+011 -5376.54 21954.3 12490.8 4e+027 9.84745e+007
-1.56294e+011 2.99403e+011 -1.76662e+010 21614.9 8653.85 -1243.75 4e+027 9.84745e+007
2.5554e+010 2.01242e+012 -4.88112e+012 779.082 15305.7 -38789.9 4e+027 9.84745e+007
1.01315e+011 2.07501e+011 7.42558e+010 -13516.7 -14038.3 6227.06 4e+027 9.84745e+007