359
9.10612e+010 3.03028e+011 4.80617e+010 17303.6 -14113.2 -5098.94 8e+027 1.2407e+008
-5.24023e+010 8.95219e+010 5.56915e+010 -19800.6 -522.866 17724.9 4e+027 9.84745e+007
-2.68262e+011 3.99497e+011 1.24694e+011 1507.97 19436.4 3359.25 4e+027 9.84745e+007
2.45107e+010 1.79478e+011 5.4469e+010 -18884.7 12242.8 -2977.18 2.04e+029 3.65186e+008
-4.09414e+011 2.76692e+011 9.97466e+010 -6190.28 8918.64 3759.81 1.2e+028 1.42025e+008
1.08172e+010 1.59726e+011 2.10151e+010 -11647 11691.7 24543.2 4e+027 9.84745e+007
9.096e+010 1.29867e+011 7.50081e+010 -17409.5 -17846.2 -14160.1 8e+027 1.2407e+008
-2.79206e+010 2.36178e+011 1.34375e+011 13588.5 6625.83 -20521.6 4e+027 9.84745e+007
2.64272e+011 5.72543e+010 -4.82914e+010 -11376 -12004.7 6083.08 4e+027 9.84745e+007
-1.12388e+010 3.29698e+011 2.0671e+011 9838.03 5466.68 1330.05 4e+027 9.84745e+007
8.91529e+010 1.49974e+011 8.01561e+010 7289.86 -19769.6 -2389.42 8e+027 1.2407e+008
4.63503e+011 8.80731e+011 -1.41019e+011 10312 18702.3 -3986.93 4e+027 9.84745e+007
1.13496e+011 6.86425e+010 4.31931e+010 -10528 7191.16 -3775.07 4e+027 9.84745e+007
3.88784e+010 1.32126e+011 -1.33127e+010 -12040.7 14183 21473.1 8e+027 1.2407e+008
-5.3472e+011 3.28689e+010 2.37392e+011 -1079.54 11111.9 -223.233 4e+027 9.84745e+007
1.22566e+012 1.65265e+012 -5.83965e+011 13138 16815 -5440.54 1.6e+028 1.56319e+008
3.0419e+010 1.3409e+011 9.2351e+010 -20771.4 -6326.31 14069.6 4e+027 9.84745e+007
5.96107e+010 1.4789e+011 -3.25641e+010 14097.9 12691 -6199.25 4e+027 9.84745e+007
-6.307e+010 7.85087e+010 6.44371e+010 -9230.27 246.979 1780.28 4e+027 9.84745e+007
-1.45054e+011 -2.81259e+011 4.36652e+010 -10443.6 -4209.07 -2857.75 4e+027 9.84745e+007
-1.49587e+010 3.09737e+011 5.69934e+010 25115.4 -3652.13 2566.91 8e+027 1.2407e+008
1.69291e+007 1.95538e+011 6.90343e+010 27838.9 -13551.4 2424.59 4e+027 9.84745e+007
8.5598e+010 1.58989e+011 3.80906e+010 -9149.72 -21844.8 8994.62 1.2e+028 1.42025e+008
5.26339e+010 2.17098e+011 7.9506e+010 26803.2 1110.78 22830.3 4e+027 9.84745e+007
1.09758e+011 -1.07019e+011 2.65812e+010 -8707.26 -4256.33 2535.34 8e+027 1.2407e+008
-9.2928e+011 -5.81437e+011 -9.72235e+010 -10974.6 -2152.82 -2046.06 4e+027 9.84745e+007
-8.47028e+010 1.20909e+011 -1.59188e+011 -2455.89 4636.6 2918.41 4e+027 9.84745e+007
2.27551e+011 -2.97539e+011 3.04615e+011 2206.68 -5459.81 3553.12 4e+027 9.84745e+007
8.12513e+010 2.68104e+011 1.3282e+011 2809.15 5564.21 14216.5 4e+027 9.84745e+007
-6.78011e+010 4.00175e+010 1.05709e+011 -12207.2 10445.3 689.632 4e+027 9.84745e+007
1.10636e+011 3.33795e+011 2.11503e+010 24274.9 -5700.16 5522.98 4e+027 9.84745e+007
-1.81927e+010 3.25475e+011 1.26532e+011 9016.94 5061.25 -4102.61 4e+027 9.84745e+007
5.82804e+010 1.84791e+011 -2.16844e+010 -7753.05 8643.34 -383.782 1.2e+028 1.42025e+008
-2.89859e+011 8.74993e+010 -8.86574e+010 -17227.1 12520.3 -6654.97 4e+027 9.84745e+007
8.57972e+011 4.16105e+011 -1.51809e+010 3833.17 -2605.84 -540.939 4e+027 9.84745e+007
-1.89734e+010 1.51739e+011 4.56708e+010 -21641.6 13989.1 10170 4e+027 9.84745e+007
-5.83057e+010 2.40208e+011 1.65016e+011 15777.1 2777.62 -785.941 4e+027 9.84745e+007
-2.68448e+010 4.52914e+011 -6.13698e+010 14925 -6620.79 -4666.29 4e+027 9.84745e+007
-8.45836e+011 -1.20648e+012 -3.23403e+011 -14953.3 -22355.1 -5579.6 4e+027 9.84745e+007
8.26525e+010 2.1582e+011 1.42834e+011 -474.613 -5493.46 -16361.3 4e+027 9.84745e+007
1.14516e+011 -1.87142e+010 1.05794e+010 -12167.9 13219.9 9927.36 4e+027 9.84745e+007
6.63516e+010 2.19066e+011 3.56722e+010 -17677.3 11633.7 -2979.78 4e+027 9.84745e+007
-1.36533e+011 2.12629e+011 3.84543e+010 -5391.74 31275.3 -5235.56 4e+027 9.84745e+007
-7.19204e+011 9.45169e+011 -2.04341e+010 1924.88 9043.97 -1451.34 4e+027 9.84745e+007
1.02387e+011 2.06345e+011 1.34846e+011 6832.87 -15143.5 -2413.01 8e+027 1.2407e+008
3.68022e+011 1.11746e+011 -7.51429e+010 6688.65 -14509.7 -4292.88 8e+027 1.2407e+008
2.99547e+009 2.45322e+011 -2.07934e+010 7156.25 635.869 13119.6 4e+027 9.84745e+007
2.81501e+010 2.43301e+011 9.3236e+010 16999.2 -24918.2 4404.23 8e+027 1.2407e+008
2.73513e+011 -7.98379e+008 -1.74214e+011 6952.25 -11810.6 -3893.61 4e+027 9.84745e+007
-1.14292e+009 2.03622e+010 -1.82964e+010 -11507.6 10655.2 -8228.42 4e+027 9.84745e+007
1.85792e+010 1.50178e+011 7.38446e+010 -2972.06 627.529 -6809.68 4e+027 9.84745e+007
-4.92464e+011 2.16999e+011 -1.45959e+010 -10763.1 8812.43 669.884 4e+027 9.84745e+007
4.34063e+011 -1.074e+011 4.41161e+010 -7473.89 -9628.24 3575.4 4e+027 9.84745e+007
2.05314e+011 -5.64751e+010 7.07554e+010 -9011.24 -13101 11837.4 4e+027 9.84745e+007
2.86037e+010 1.81937e+011 5.34836e+010 33616.7 -18214 2619.04 1.04e+029 2.9173e+008
2.76208e+011 2.02677e+011 -2.83894e+010 53466.8 1891.97 -19041.9 4e+027 9.84745e+007
-9.1804e+010 2.33021e+011 5.00046e+010 1126.24 18988.2 -4175.26 4e+027 9.84745e+007
1.47197e+010 1.68062e+011 7.12981e+010 -35581.9 -13432.6 -7051.61 4e+027 9.84745e+007
3.72005e+011 1.14034e+011 -7.59002e+010 2432.32 -24394.6 1522.54 4e+027 9.84745e+007
2.3777e+010 6.68653e+011 1.49035e+010 4872.71 -3436.57 -183.155 4e+027 9.84745e+007
-7.28256e+011 3.74436e+011 -1.30089e+011 2629.74 7236.09 4495.53 4e+027 9.84745e+007
-7.76231e+010 1.6594e+011 2.89922e+010 20537 10249.4 9840.75 4e+027 9.84745e+007
5.91527e+009 1.37636e+011 1.78476e+010 -20973.1 -3570.62 16384.5 1.6e+028 1.56319e+008
-1.02695e+012 -8.71948e+011 7.46592e+011 -16207.9 -14901.5 11282.5 4e+027 9.84745e+007
2.17542e+011 -3.33139e+011 3.57144e+011 11352.1 -23347 12621.6 4e+027 9.84745e+007
3.19362e+010 1.96601e+011 1.50795e+011 9406.88 -9366.77 13206.9 8e+027 1.2407e+008
-1.4063e+011 9.30001e+010 1.98684e+011 -6330.32 6217.91 -2961.31 4e+027 9.84745e+007
1.67559e+011 1.2641e+011 -3.76315e+010 -14957.7 -8844.52 17017.6 4e+027 9.84745e+007
1.0142e+011 3.71068e+011 -3.03795e+010 8287.72 -2367.53 5256.13 4e+027 9.84745e+007
1.31496e+011 2.2168e+011 1.9454e+010 20078.1 -19550.7 9386.16 4e+027 9.84745e+007
3.52828e+011 1.53444e+011 7.96056e+010 4454.86 -6933.65 303.989 4e+027 9.84745e+007
-1.18139e+010 1.83734e+011 4.9839e+010 8054.56 41602 8221.86 4e+027 9.84745e+007
1.21468e+011 4.83279e+010 6.3625e+010 -14753.5 -7820.17 4028.18 4e+027 9.84745e+007
-1.29396e+011 -7.73666e+010 -1.83169e+010 -13747.5 8454.93 -5453.78 4e+027 9.84745e+007
-4.97527e+011 1.66555e+011 3.52911e+011 -15533.2 2255.08 9156.66 4e+027 9.84745e+007
3.08727e+010 2.01962e+011 5.12289e+010 8897.6 -16627.7 -19940.3 4e+027 9.84745e+007
8.95367e+010 2.01341e+011 8.9831e+010 2429.56 -23121.2 11530 4e+027 9.84745e+007
6.29208e+009 2.20767e+011 2.2535e+011 2311.49 3200.86 -15168.9 4e+027 9.84745e+007
-5.20782e+010 2.26049e+011 6.94841e+010 14634 7347.52 3331.75 2e+028 1.68389e+008
-1.49936e+011 3.26424e+011 2.49024e+010 9974.29 17549.9 9735.7 4e+027 9.84745e+007
-1.40463e+011 9.90869e+010 1.83522e+011 120.52 10178.9 1010.84 4e+027 9.84745e+007
1.02618e+011 2.4908e+011 -8.23904e+010 6857.06 4497.43 -17985.2 8e+027 1.2407e+008
4.72968e+011 4.82291e+010 4.99599e+010 -7850.57 -10549 1183.41 4e+027 9.84745e+007
-2.46592e+010 1.27298e+011 5.92768e+010 11406.7 22696.4 21481.6 4e+027 9.84745e+007
-1.71456e+010 4.37204e+010 -4.07882e+009 -20645.4 4860.37 -12937.3 4e+027 9.84745e+007
-7.05648e+011 3.63624e+011 9.36545e+010 3874.37 10870.9 1577.58 4e+027 9.84745e+007
-6.44906e+010 1.07862e+011 4.60895e+009 1240.14 -1594.82 16756.5 4e+027 9.84745e+007
5.29441e+011 2.73164e+011 1.52832e+011 -2139.65 -11320.7 6526.96 4e+027 9.84745e+007
-7.08821e+011 3.16353e+011 -4.59293e+009 3545.94 8986.37 1938.83 4e+027 9.84745e+007
-3.53901e+010 2.08326e+011 1.54619e+010 17136.6 2907.18 -11657 4e+027 9.84745e+007
-2.0592e+010 1.53928e+011 1.034e+011 9124.4 16457.6 22028.1 4e+027 9.84745e+007
3.32269e+010 -1.5887e+010 2.22342e+010 -15287.3 -3749.73 -11125.2 4e+027 9.84745e+007
4.23569e+011 5.71553e+011 -1.27317e+011 5523.5 3597.4 -1072.13 4e+027 9.84745e+007
-1.8304e+011 9.97059e+010 4.79526e+010 -7604.74 4952.11 635.75 4e+027 9.84745e+007
-4.99115e+010 1.71843e+011 -7.81401e+010 -10927.3 11202.3 -6117.61 4e+027 9.84745e+007
-1.23163e+011 1.27517e+011 8.59977e+010 -4681.01 16616.8 2135.26 4e+027 9.84745e+007
2.68999e+010 1.61662e+011 8.83774e+010 -28795.9 7584.76 10892.4 4e+027 9.84745e+007
3.86741e+012 2.74315e+012 1.28081e+011 43700.5 29491.7 1448.9 4e+027 9.84745e+007
-3.30947e+011 4.44418e+011 6.77754e+010 2621.92 9124.44 6683.95 4e+027 9.84745e+007
2.05806e+011 -1.28048e+011 6.43836e+010 -5166.59 -637.723 6909.28 4e+027 9.84745e+007
2.69949e+011 1.64672e+011 3.56153e+010 -3211.38 -4649.42 2930.89 4e+027 9.84745e+007
7.02794e+011 3.46783e+011 -8.41433e+011 9129.96 3474.1 -9242.71 4e+027 9.84745e+007
2.07465e+010 1.3091e+011 2.60143e+010 -4535.29 -14639 -23030.7 4e+027 9.84745e+007
-1.27113e+012 3.40491e+012 -1.2148e+012 -11963.9 36336.3 -12427.7 4e+027 9.84745e+007
1.41148e+011 2.96873e+011 -3.86315e+010 -3188.67 -6309.43 7060.32 4e+027 9.84745e+007
-2.43399e+011 3.11588e+010 7.72997e+010 -3580.18 910.54 8582.81 8e+027 1.2407e+008
2.14641e+012 7.74024e+011 2.51483e+011 15352.7 3935.76 -33.2816 4e+027 9.84745e+007
1.98141e+011 9.53363e+010 -6.97124e+010 -3254.52 2275.82 4021.93 4e+027 9.84745e+007
8.39625e+010 2.29885e+011 5.99421e+010 -4521.15 -3269.56 -16870.6 8e+027 1.2407e+008
4.86103e+010 3.20468e+011 -6.2029e+010 18697.9 3080.89 14533.4 4e+027 9.84745e+007
-6.49837e+010 3.83848e+011 -3.45151e+010 22086.5 2016.07 -10112.5 4e+027 9.84745e+007
-1.13452e+011 3.64367e+011 1.56492e+011 -415.907 8885.38 -3702.92 4e+027 9.84745e+007
1.53225e+011 5.44724e+010 1.87961e+011 -16135.6 1917.16 -3488.79 4e+027 9.84745e+007
4.79517e+010 3.85981e+010 -3.24712e+010 -1079.15 -15075.5 -6132.18 4e+027 9.84745e+007
-5.11036e+009 1.5145e+011 1.62195e+010 -3885.07 5306.8 17029.4 8e+027 1.2407e+008
-2.08374e+010 2.79209e+011 2.63665e+010 9395.51 13172.2 -13656 4e+027 9.84745e+007
-1.16121e+010 1.77333e+011 1.13541e+011 12467.4 -13824.8 -9333.13 8e+027 1.2407e+008
-1.09736e+011 1.47459e+011 1.18364e+010 -7580.91 20446.6 5351.99 1.2e+028 1.42025e+008
4.53394e+010 -9.67085e+010 1.69254e+010 -17365.3 -3834.97 2447.59 4e+027 9.84745e+007
1.03414e+012 5.78256e+011 -8.01176e+010 8891.1 3302.75 1368 8e+027 1.2407e+008
3.07126e+010 1.73373e+011 6.07488e+010 -6565.12 -41811.2 -42776.6 4e+027 9.84745e+007
-5.83633e+010 1.35837e+011 2.32524e+009 -10856.9 18605.3 15761.8 4e+027 9.84745e+007
2.20616e+011 3.87334e+011 -3.68102e+010 10311.5 -2670.23 -1604.45 8e+027 1.2407e+008
5.57246e+011 5.94913e+010 -3.62264e+011 4094.54 -5596.07 -438.786 4e+027 9.84745e+007
1.91756e+010 2.21241e+011 1.36245e+011 2771.08 -25496 7809.47 4e+027 9.84745e+007
-7.76946e+011 -3.79738e+010 2.89442e+011 -2496.59 9006.73 -753.171 4e+027 9.84745e+007
1.76316e+009 2.00044e+011 2.60196e+010 -7803.06 19135.4 21701.2 4e+027 9.84745e+007
1.25584e+011 1.94858e+011 2.40605e+010 11102.3 -4226.89 -3631.71 4e+027 9.84745e+007
1.96873e+011 -1.47877e+011 -5.53563e+010 -5100.84 -16843.6 -2089.1 4e+027 9.84745e+007
1.20739e+011 2.50807e+011 4.76862e+010 17173.4 -13558.8 -13074.6 8e+027 1.2407e+008
-1.13103e+011 4.40054e+011 -7.61952e+009 16327.4 5956.94 -4587.54 4e+027 9.84745e+007
-1.0806e+011 1.53287e+011 7.2974e+010 23860.5 9811.89 -1058.21 4e+027 9.84745e+007
-2.52404e+010 5.48722e+011 1.00975e+011 10497 -38.1786 2430.84 4e+027 9.84745e+007
-2.38148e+010 1.77056e+011 -2.73917e+009 -7615.14 11598 -6499.17 4e+027 9.84745e+007
4.62049e+011 9.05665e+011 7.57039e+010 8990.22 19569 -92.1626 4e+027 9.84745e+007
-1.04944e+011 1.51023e+011 9.5915e+009 -17593 6709.83 16623.6 4e+027 9.84745e+007
9.81843e+010 6.24139e+010 7.44132e+008 -947.418 9699.23 -7354.48 4e+027 9.84745e+007
3.71432e+010 1.77132e+011 7.85556e+010 6840.19 -31505.2 -6805.56 8e+027 1.2407e+008
1.92697e+011 -6.05355e+010 -1.45387e+011 -13263.8 -1889.28 -4579.24 4e+027 9.84745e+007
2.9142e+010 3.61426e+011 1.98697e+010 14693.4 -20458.6 5778.44 8e+027 1.2407e+008
9.02965e+010 -2.82915e+011 1.67218e+010 -6723.95 2125.98 2721.99 4e+027 9.84745e+007
5.58033e+010 8.46438e+010 6.0893e+010 -7592.72 -15581.7 8250.21 4e+027 9.84745e+007
-1.94208e+010 2.64746e+011 -5.2736e+010 1241.36 5084.09 -17367.8 4e+027 9.84745e+007
-4.0707e+010 1.03943e+011 4.96002e+010 -8036.92 -16898.8 -6132.18 8e+027 1.2407e+008
2.56579e+010 3.51438e+011 8.26322e+009 14715.4 2853.98 -447.008 1.2e+028 1.42025e+008
2.42179e+011 2.15063e+011 5.36716e+010 4103.28 -12995.7 4619.48 4e+027 9.84745e+007
-4.16527e+010 1.54347e+011 1.21361e+011 -17810.3 16140.3 21.4829 4e+027 9.84745e+007
3.30937e+010 1.29112e+011 -1.80404e+010 -15843.9 7456.6 6550.13 8e+027 1.2407e+008
-2.86749e+011 5.62424e+011 -2.27335e+011 3721.82 3223.57 6919.13 4e+027 9.84745e+007
-1.47812e+010 -9.37785e+010 -1.20111e+010 -14268.1 6534.02 1746.38 8e+027 1.2407e+008
-1.03392e+012 1.26622e+012 -3.98846e+011 -2671.58 9733.88 -2319.63 4e+027 9.84745e+007
-5.40944e+010 2.14619e+011 3.3658e+010 6403.74 29932.1 17819.4 8e+027 1.2407e+008
-2.13246e+010 -7.73596e+009 -1.1956e+011 -1951.2 -1995.44 6040 4e+027 9.84745e+007
-1.13666e+011 7.15687e+010 2.06874e+010 -16748.5 8659.36 -8894.43 4e+027 9.84745e+007
1.37156e+012 3.32759e+011 7.07525e+011 10879.4 5182.64 3506.14 4e+027 9.84745e+007
1.40648e+012 1.89085e+012 -1.21241e+011 24815.9 31675.7 -2623.49 4e+027 9.84745e+007
-7.31794e+010 2.10236e+011 -6.40014e+010 1853.57 5125.71 6699.73 4e+027 9.84745e+007
-1.74316e+011 1.2215e+011 1.69203e+011 10133.5 6941.04 -1842.44 4e+027 9.84745e+007
5.07751e+011 -1.45089e+012 -1.62563e+011 1825.43 -11046.5 -1400.37 4e+027 9.84745e+007
1.50924e+011 1.87011e+011 3.8403e+010 -14175.8 -4483.29 14975.5 4e+027 9.84745e+007
-1.01896e+011 2.45087e+011 -1.51501e+011 -1130.27 4795.65 -5285.84 8e+027 1.2407e+008
1.8843e+011 2.79933e+011 -7.44279e+010 -941.664 -13720.5 -836.019 4e+027 9.84745e+007
2.69752e+010 2.91728e+011 1.9135e+010 28772.4 9823.39 -4700.16 4e+027 9.84745e+007
-3.46442e+010 -4.97703e+011 1.59094e+011 -7846.42 -15303.8 8131.02 4e+027 9.84745e+007
2.4561e+011 3.52101e+010 7.80294e+010 435.182 -6162.5 14371.5 4e+027 9.84745e+007
-1.14823e+009 -1.00587e+011 7.38025e+010 -20420 -936.301 5643.13 4e+027 9.84745e+007
2.85779e+011 5.97158e+011 1.48294e+011 12067.2 2749.29 1597.61 4e+027 9.84745e+007
-6.7878e+010 1.82322e+011 8.94392e+010 5343.91 25836.2 -5830.37 8e+027 1.2407e+008
6.98527e+009 2.07978e+011 3.73019e+010 22609.4 20307.8 -6391.81 8e+027 1.2407e+008
1.18031e+010 2.58785e+011 1.17369e+010 14901.8 6024.36 15148.9 4e+027 9.84745e+007
3.59983e+011 2.63067e+011 -9.17893e+010 -2050.22 -9302.56 7211.46 4e+027 9.84745e+007
8.81577e+011 -8.99325e+011 2.93581e+011 18598.7 -22960.1 5299.03 4e+027 9.84745e+007
-7.21544e+012 -9.01988e+011 -3.29728e+012 -90075.4 -12372.1 -41261.9 4e+027 9.84745e+007
-1.33984e+011 2.01366e+011 2.29574e+010 3913.93 19157.6 -4113.86 4e+027 9.84745e+007
1.31881e+011 2.45528e+011 2.92841e+010 -6421.48 -21046.1 13073.5 4e+027 9.84745e+007
-3.18579e+011 -1.10161e+011 2.13292e+011 5526.19 6102.33 -3670.52 4e+027 9.84745e+007
8.03747e+010 1.49881e+011 6.1475e+010 -15308.9 -29907.7 -7046.67 4e+027 9.84745e+007
5.49775e+010 4.07296e+011 2.3585e+010 1267.44 2704.06 8864.21 4e+027 9.84745e+007
1.04773e+011 2.72793e+011 8.69004e+010 7917.82 -268.728 4581.15 4e+027 9.84745e+007
1.41751e+010 3.57189e+010 9.41583e+010 -8704.76 -35333.3 6634.89 4e+027 9.84745e+007
1.42239e+011 2.48334e+011 -8.13338e+009 -14569 -6760.13 -6081.21 4e+027 9.84745e+007
5.13227e+010 4.31269e+011 -7.28936e+010 8577.66 -2415.39 4728.63 4e+027 9.84745e+007
5.4727e+010 4.27431e+011 -7.24452e+010 10486.4 -4708.72 1353.23 4e+027 9.84745e+007
-1.86376e+011 4.24618e+011 -2.5362e+010 18957.1 4431.31 -6923.51 4e+027 9.84745e+007
9.95136e+009 2.19231e+011 2.44682e+010 -11755.6 27797.5 -5161.11 4e+027 9.84745e+007
8.09714e+010 3.086e+011 2.53818e+010 20052.9 3342.93 -8116.66 4e+027 9.84745e+007
1.27469e+011 -3.858e+011 -1.48294e+011 -4767.88 2682.85 2233.94 4e+027 9.84745e+007
1.01189e+011 2.62455e+011 1.40235e+011 -2898.61 -3851.81 -9670.21 4e+027 9.84745e+007
1.48387e+012 7.47172e+010 -1.43687e+012 22161 -77.9913 -21100.3 4e+027 9.84745e+007
7.67744e+010 2.11693e+011 6.03486e+010 18838.5 -1354.82 10083.1 4e+027 9.84745e+007
-1.01101e+012 -8.16652e+011 5.44614e+008 -9012.83 -443.321 -626.977 4e+027 9.84745e+007
-2.08608e+011 4.75157e+011 4.03171e+010 -475.513 18359.4 1616.95 4e+027 9.84745e+007
3.20885e+010 1.22285e+010 1.10172e+010 -2818.94 771.911 -11205.1 8e+027 1.2407e+008
-1.19246e+011 3.44196e+011 -8.24545e+009 12803.4 16947.5 329.018 8e+027 1.2407e+008
-1.36782e+011 2.47434e+010 3.04389e+010 -9386.01 18626 5968.86 4e+027 9.84745e+007
-2.77916e+010 1.2341e+011 -3.16624e+010 -5924.22 35004.1 -4822.22 4e+027 9.84745e+007
1.07669e+011 1.89223e+011 -9.93196e+007 2236.52 -8916.83 9051.15 1.6e+028 1.56319e+008
4.53499e+010 2.36276e+011 8.40196e+010 20361.4 7653.91 9693.22 4e+027 9.84745e+007
5.09201e+010 -9.62787e+010 -5.46794e+010 -17361.4 -2877.16 -9581.72 4e+027 9.84745e+007
-3.64267e+010 2.51745e+011 6.3554e+010 12124.7 18216 14862.7 1.2e+028 1.42025e+008
-1.55161e+011 3.58983e+011 5.10112e+010 5699.19 8724.37 9633.04 4e+027 9.84745e+007
-3.01592e+010 2.90558e+011 -6.4932e+010 2794.89 17172 -13655 4e+027 9.84745e+007
6.81259e+010 2.25456e+011 -3.4276e+009 18941.4 -6931.93 -21591 4e+027 9.84745e+007
-1.24156e+011 2.16129e+010 8.36431e+009 -3920.25 17510.8 -8510.29 4e+027 9.84745e+007
1.31702e+011 8.32273e+011 -7.88891e+010 9035.77 9825.51 -3811.54 4e+027 9.84745e+007
-2.66835e+011 -3.94929e+011 1.39388e+011 -6426.85 3843.85 1443.44 4e+027 9.84745e+007
1.18867e+011 2.30872e+011 1.61986e+010 19906.2 -13539.9 21168 4e+027 9.84745e+007
-1.78748e+010 2.1669e+011 5.23628e+010 26888.6 6763.19 21735.9 4e+027 9.84745e+007
7.90961e+009 9.56454e+010 6.27512e+010 -23754.1 929.627 -16469.3 4e+027 9.84745e+007
2.7042e+011 1.26035e+011 9.60637e+010 -2555.63 -13798.5 6927.72 4e+027 9.84745e+007
6.46142e+010 8.02865e+010 5.31031e+010 -7818.99 -12228.1 -5841.34 4e+027 9.84745e+007
2.36428e+011 -3.52951e+011 1.49446e+011 -2693.16 -3444.21 -1894.45 4e+027 9.84745e+007
-2.11721e+010 6.74944e+010 5.4245e+010 -18433.2 1191.76 -2833.32 4e+027 9.84745e+007
1.42566e+011 2.14385e+011 1.64194e+010 24390.7 2292.13 -7873.26 4e+027 9.84745e+007
2.04336e+010 2.26689e+011 4.39394e+010 17767.3 4012.03 -5655.85 8e+027 1.2407e+008
3.52524e+011 -8.56331e+011 -1.90308e+011 1362.75 -2976.62 1120.87 4e+027 9.84745e+007
2.02653e+011 2.45891e+011 1.06927e+011 4428.09 -18409.6 6787.15 4e+027 9.84745e+007
-2.72763e+010 2.19336e+011 9.14164e+010 18861.7 22428.3 19436.2 4e+027 9.84745e+007
1.45902e+011 1.08748e+011 -9.91414e+009 -9779.76 -12532.4 10288.7 4e+027 9.84745e+007
2.29581e+011 6.01546e+011 1.93088e+011 3275.45 -8902.01 -2372.19 4e+027 9.84745e+007
2.73608e+011 -2.29336e+010 -8.71652e+009 -9540.91 -12164.9 -1659.99 4e+027 9.84745e+007
-1.84646e+011 5.63355e+010 -7.53642e+010 -805.404 15575.4 3302.92 4e+027 9.84745e+007
-2.39789e+010 5.29674e+011 -3.00867e+010 19264.6 10061.2 13.4479 4e+027 9.84745e+007
-2.98738e+011 2.09424e+011 2.50631e+010 1179.59 15069 -3976.36 4e+027 9.84745e+007
-9.35812e+010 1.65957e+011 3.27996e+009 -1701.7 13010.8 -6208.54 4e+027 9.84745e+007
-4.91587e+011 2.63994e+011 1.02217e+010 -1168.3 3067.93 3784.25 4e+027 9.84745e+007
1.60263e+011 2.51931e+009 -9.92424e+009 -13192.5 -3742.58 7652.55 8e+027 1.2407e+008
7.17234e+010 -1.10956e+011 4.08409e+010 -5411.56 -3071.16 -1465.5 4e+027 9.84745e+007
-1.84358e+009 -1.28121e+010 1.70349e+010 -9622.42 5201.98 650.527 4e+027 9.84745e+007
3.54636e+010 5.15075e+011 -3.89436e+010 12970.9 4668.71 -1073.78 4e+027 9.84745e+007
7.36459e+010 1.04775e+012 7.71369e+010 7243.46 1369.16 -1755.43 4e+027 9.84745e+007
1.01178e+011 9.67432e+010 -2.93555e+010 -18331.5 4025.45 2357.05 4e+027 9.84745e+007
2.14442e+011 -8.70144e+010 2.0679e+009 -5068.08 -6856.32 8047.47 4e+027 9.84745e+007
-2.31197e+011 1.30638e+011 6.13731e+010 -3347.33 12454.8 13519.6 4e+027 9.84745e+007
4.20239e+011 -5.54152e+009 2.50151e+011 -795.075 -9613.14 -761.946 4e+027 9.84745e+007
-2.3988e+009 3.09728e+011 1.82788e+010 18213.7 20900.1 5069.19 4e+027 9.84745e+007
-4.36197e+010 1.20497e+011 5.50341e+010 873.671 23368.6 6458.84 4e+027 9.84745e+007
-2.34322e+011 1.97976e+011 3.78948e+011 86.9159 7524.7 -3797.51 4e+027 9.84745e+007
9.85617e+010 2.30464e+011 3.05173e+010 -6773.25 -24779.8 -8539.46 4e+027 9.84745e+007
5.32258e+011 -1.76298e+010 -2.95758e+011 9402.45 -1698.1 -6858.37 4e+027 9.84745e+007
-4.21405e+011 3.64546e+011 5.98768e+010 11462.3 7635.64 -4854.49 8e+027 1.2407e+008
2.37376e+011 1.51215e+011 -4.33854e+010 -12405 -2573.23 1711.65 4e+027 9.84745e+007
3.70414e+009 3.28719e+011 -2.1781e+010 8479.28 -3813.77 6205.45 4e+027 9.84745e+007
-7.32159e+009 8.11753e+010 9.64115e+010 -19938.2 107.486 5678.9 4e+027 9.84745e+007
-8.72078e+010 1.28644e+011 6.43688e+010 -7725.37 20818.5 835.467 4e+027 9.84745e+007
9.94964e+010 2.94131e+011 9.30597e+010 -3183.97 -13773.5 4217.68 4e+027 9.84745e+007
6.95754e+011 3.03623e+011 -1.05969e+011 -1367.93 442.059 -119.238 4e+027 9.84745e+007
9.83675e+010 2.23189e+011 2.94488e+010 -233.36 -13085.3 -20081.6 4e+027 9.84745e+007
-1.20783e+011 2.99188e+011 1.39335e+011 -12753 11252 9755.47 8e+027 1.2407e+008
-2.44036e+012 3.0682e+012 1.13956e+012 -19650.7 27100.3 10006.4 4e+027 9.84745e+007
-1.59873e+011 1.43369e+011 3.77399e+010 -1160.85 1984.21 -3279.19 4e+027 9.84745e+007
-4.2907e+010 -1.39811e+011 1.40178e+011 -13475.8 8795.31 -3750.33 4e+027 9.84745e+007
-6.91786e+010 3.08181e+011 -1.37988e+011 6727.24 7187.73 -2118.81 4e+027 9.84745e+007
-8.16014e+010 3.4412e+010 5.32751e+010 -10057.7 2002.52 -1243.2 4e+027 9.84745e+007
-5.39362e+010 4.52543e+011 -5.1212e+010 2213.43 21358 -3988.41 4e+027 9.84745e+007
1.20832e+010 4.42884e+010 1.2248e+011 -19391.8 -5055.14 4352.12 4e+027 9.84745e+007
-3.75529e+010 2.55625e+011 8.71577e+010 -2224.76 13724.5 -1667.22 4e+027 9.84745e+007
3.74979e+011 -1.34981e+011 3.96045e+010 -13514.7 570.93 402.002 4e+027 9.84745e+007
-1.97467e+011 2.23171e+011 1.79749e+011 2331.15 12889.2 -3527.66 4e+027 9.84745e+007
2.44279e+011 2.10087e+011 8.63323e+010 -997.223 -13678.2 6192.46 4e+027 9.84745e+007
-3.94465e+011 1.25648e+012 -1.39877e+011 -309.045 7874.34 1076.09 4e+027 9.84745e+007
2.97799e+011 4.4287e+011 2.09373e+011 3040.21 -1593.02 3887.34 4e+027 9.84745e+007
2.19265e+009 2.10695e+011 -3.03676e+010 12441.3 -14418 8022.33 4e+027 9.84745e+007
4.55618e+011 9.66539e+010 2.47832e+010 -1726 -10249.9 -1860.01 4e+027 9.84745e+007
-1.74115e+011 3.83806e+011 1.56323e+010 9776.56 6075.62 -1166.94 4e+027 9.84745e+007
-1.61155e+011 -6.26133e+010 6.56904e+009 -318.485 8414.47 -3414.79 4e+027 9.84745e+007
5.57674e+010 2.12483e+011 1.89402e+009 18800.7 3726.27 -10701.8 4e+027 9.84745e+007
-7.36287e+010 2.12668e+011 4.07382e+010 12527.4 27702.1 -1670.42 4e+027 9.84745e+007
2.35298e+011 3.35845e+011 -6.52673e+010 13445.2 -9893.39 1902.16 4e+027 9.84745e+007
8.04283e+010 1.86889e+011 1.34512e+011 8819.06 -15885.6 12821.2 4e+027 9.84745e+007
4.36634e+011 7.67339e+011 -2.65445e+010 2051.25 1217.69 1154.91 4e+027 9.84745e+007
-5.46971e+010 2.24342e+011 1.20471e+011 8436.38 16598.1 5507.18 8e+027 1.2407e+008
-2.93283e+010 2.65627e+011 -6.18783e+010 21798.3 -4999.91 9568.9 4e+027 9.84745e+007
-6.07731e+010 1.15745e+011 9.85261e+010 -16320.3 17234.8 2664.15 4e+027 9.84745e+007
8.921e+010 2.41473e+011 6.44709e+009 -1982.62 -1141.68 -13667.1 4e+027 9.84745e+007
9.88451e+009 2.21842e+011 7.7703e+010 31443 19889 -11347.8 4e+027 9.84745e+007
2.99085e+011 -5.50607e+011 -2.04282e+011 -4262.55 -2505.6 668.881 4e+027 9.84745e+007
1.12603e+011 4.04844e+011 1.09461e+011 6455.94 -5781.09 -12478.5 4e+027 9.84745e+007
1.15483e+011 2.25594e+011 -1.74965e+009 5683.78 -25340.9 -3413.97 4e+027 9.84745e+007
3.85568e+011 -1.35647e+011 3.56298e+010 -14539.9 2576.32 -3348.45 4e+027 9.84745e+007
3.63374e+010 -1.30631e+010 1.98439e+010 -23086.4 -13866.5 -3380.72 8e+027 1.2407e+008
-1.08138e+012 5.36441e+012 3.91464e+011 -14543.4 72613.9 5453.03 4e+027 9.84745e+007
-6.4498e+010 5.04978e+011 5.69543e+010 16701.4 -3840.72 -1428.54 4e+027 9.84745e+007
1.31142e+012 -1.89687e+012 -6.53675e+011 7929.1 -14673.7 -5267.84 4e+027 9.84745e+007
3.7802e+011 2.3294e+011 7.61351e+010 376.057 -8967.37 5997.9 4e+027 9.84745e+007
5.00808e+011 -9.88693e+009 -7.55857e+011 2855.8 -57.3253 -2202.13 8e+027 1.2407e+008
2.91037e+011 2.14006e+010 1.3609e+010 -5824.92 298.26 1524.2 4e+027 9.84745e+007
2.33632e+010 3.7276e+010 -9.27451e+009 -19443.4 -2811.75 944.668 4e+027 9.84745e+007
3.47492e+009 2.13986e+011 -3.09544e+010 8274.87 -32817.6 -7786.95 4e+027 9.84745e+007
1.46356e+010 1.15455e+011 7.61473e+010 -7321.69 -27721.3 3143.58 4e+027 9.84745e+007
-1.29359e+010 -1.41263e+011 5.71986e+010 -12135.2 7021.92 -907.522 4e+027 9.84745e+007
1.4134e+010 2.47319e+011 9.48696e+010 -5882.67 46675.7 31584 4e+027 9.84745e+007
-6.63128e+010 2.23741e+011 5.90563e+010 -7069.39 15528.4 -20269.5 4e+027 9.84745e+007
-2.73443e+011 4.9702e+011 1.61831e+010 -2511.41 15061.4 -1575.93 4e+027 9.84745e+007
-2.20025e+010 -8.03641e+010 1.14222e+011 -20207.5 -3801.81 -9378.2 4e+027 9.84745e+007
-1.06824e+010 4.80417e+010 -6.48719e+010 -7092.49 1682.26 3555.74 4e+027 9.84745e+007
1.7227e+011 5.42591e+010 1.0916e+011 -5992.97 -11257.6 -8356.35 4e+027 9.84745e+007
-4.86316e+010 2.88626e+011 -1.46936e+010 11540.2 10877.6 -5795.34 8e+027 1.2407e+008
3.82355e+011 -3.13198e+010 3.07615e+010 -10015.1 -13028 -1461.5 4e+027 9.84745e+007
2.78494e+010 1.40043e+011 5.19813e+010 -10102 2199.33 -15349 4e+027 9.84745e+007
-8.02958e+010 3.71488e+011 -5.76082e+010 -2119.79 11399 -11430 8e+027 1.2407e+008
-4.87459e+009 3.32824e+010 4.8051e+010 -20356.5 4955.03 12215.7 4e+027 9.84745e+007
5.37356e+010 -9.72728e+010 -3.21469e+009 -14793.5 3148.25 8677.59 4e+027 9.84745e+007
-1.17417e+011 -2.14749e+011 5.5782e+010 675.154 8635.94 2186.02 4e+027 9.84745e+007
-2.36279e+011 2.21737e+011 -1.4612e+011 2263.27 14887.7 -878.477 8e+027 1.2407e+008
-1.47216e+011 1.75536e+011 -8.14088e+010 11205.3 11516 5727.48 4e+027 9.84745e+007
6.53948e+010 1.35584e+011 1.9436e+010 -3214.85 6270.85 13945.4 4e+027 9.84745e+007
2.59438e+011 7.06609e+011 1.60659e+011 972.629 5321.53 3285.96 4e+027 9.84745e+007
-3.12431e+010 3.82903e+011 1.99889e+010 2718.32 11442.7 -11400.1 8e+027 1.2407e+008
3.66872e+009 -6.66578e+010 5.67348e+010 -17304.9 1851.33 -5183.48 4e+027 9.84745e+007
-6.21298e+011 8.74786e+011 -6.51719e+010 -19924.9 25912.8 -2761.74 4e+027 9.84745e+007
4.81273e+011 -1.2156e+012 -2.79015e+010 7264.86 -19997.1 -660.938 4e+027 9.84745e+007
1.10251e+011 3.53205e+011 -1.96216e+010 -8787.85 -6926.56 -3514.48 4e+027 9.84745e+007
5.96603e+011 -5.19139e+011 1.00549e+011 -4814.87 -535.157 -963.062 4e+027 9.84745e+007
3.64575e+011 1.37286e+012 7.12396e+010 7890.97 8104.13 1324.49 4e+027 9.84745e+007
-1.47908e+011 1.7053e+011 4.10223e+010 -5233.38 12445.6 9285.59 4e+027 9.84745e+007
1.25073e+011 3.03487e+011 7.27476e+010 6923.83 -1839.8 18845.1 4e+027 9.84745e+007
-2.01399e+011 3.29715e+011 1.05258e+010 4884.98 13705.1 4275.14 4e+027 9.84745e+007
-5.93519e+010 -1.9572e+011 4.53097e+009 -11727.3 5559.76 -1141.78 4e+027 9.84745e+007
-2.77013e+011 9.67293e+011 -7.98684e+010 5783.14 4682.67 2129.89 4e+027 9.84745e+007
-1.34185e+011 2.8901e+011 -1.36225e+011 2356.32 3499.48 -9824.08 4e+027 9.84745e+007
-3.92894e+011 8.93237e+011 2.21737e+011 233.592 5308.62 -235.429 4e+027 9.84745e+007
-1.06751e+011 1.6055e+011 2.52094e+010 -4485.66 34665.5 -2775.39 4e+027 9.84745e+007
3.16115e+011 1.42872e+011 2.14579e+010 2803.87 -14916.4 -3720.27 4e+027 9.84745e+007
-2.66598e+011 -1.52965e+011 3.93691e+010 -8365.33 4358.1 -238.338 4e+027 9.84745e+007
-4.48596e+011 1.36648e+011 6.80624e+010 -11135.5 6768.05 -466.905 4e+027 9.84745e+007
-5.62101e+011 7.31921e+010 3.8137e+011 -3176.5 949.95 -168.421 4e+027 9.84745e+007
7.62345e+009 2.33334e+011 7.05572e+010 28589.9 20274.6 10296 4e+027 9.84745e+007
3.00708e+011 1.49357e+011 1.33412e+011 -9925.69 -15198.9 -8474.23 4e+027 9.84745e+007
2.6808e+011 -8.98713e+010 -8.91883e+010 -4505.19 -9552.13 -2413.67 4e+027 9.84745e+007
2.23137e+010 4.0192e+011 6.60789e+009 6863.67 14562 -3535.54 4e+027 9.84745e+007
-4.70176e+010 -1.21849e+011 -8.38807e+010 -6244.69 5767.52 -9248.83 4e+027 9.84745e+007
1.76961e+011 4.02624e+011 -1.44292e+011 -301.5 1216.34 8487.11 4e+027 9.84745e+007
-6.60429e+010 1.99066e+010 4.39384e+010 -19896 4237.12 6764.44 4e+027 9.84745e+007
1.4743e+011 -1.66771e+011 8.00988e+010 -6887.79 -2911.67 -10188 4e+027 9.84745e+007
-1.17586e+011 1.76064e+011 7.28504e+009 16290.9 7473.26 396.104 4e+027 9.84745e+007
1.27615e+012 -1.40118e+012 -4.10206e+012 70373.3 -84731.6 -225702 4e+027 9.84745e+007
6.73419e+010 -2.87124e+011 -4.1519e+010 -513.465 808.431 2090.52 4e+027 9.84745e+007
1.1523e+011 1.99066e+011 -2.57249e+010 -1882.03 -16584.1 1061.64 4e+027 9.84745e+007
2.26828e+010 1.82204e+011 4.16003e+010 12016.7 12193 49340.2 8e+027 1.2407e+008
3.19555e+011 2.14369e+011 5.99655e+010 18831.5 -2701.32 2104 4e+027 9.84745e+007
1.46708e+012 -2.5418e+012 -2.90074e+011 10074.3 -22149.8 -2636.31 4e+027 9.84745e+007
7.87173e+010 2.71731e+011 3.8974e+010 9879.95 -18583.2 -9731.6 4e+027 9.84745e+007
1.9177e+012 -1.05235e+012 9.85226e+011 12799.1 -9385.49 7277.54 4e+027 9.84745e+007
1.26279e+011 5.69589e+011 2.11168e+011 9952.06 -4219.22 -5221.6 4e+027 9.84745e+007
2.46597e+011 6.39993e+011 -5.40816e+010 12702.2 -5094.63 2959.8 4e+027 9.84745e+007
2.95807e+012 3.33832e+011 8.51844e+011 22984.6 1040.22 7655.57 4e+027 9.84745e+007
-3.71647e+011 1.4716e+011 -2.403e+010 -10270.5 12977.3 5707.98 4e+027 9.84745e+007
1.0733e+011 2.6328e+011 1.67444e+010 19879.9 -15148.6 8598.66 4e+027 9.84745e+007
8.00862e+010 1.83619e+011 2.70379e+010 -2861.75 -5779.13 -6493.62 4e+027 9.84745e+007
-2.34497e+011 -2.18096e+011 1.87878e+011 -8528.92 3063.46 355.852 4e+027 9.84745e+007
-7.9836e+010 1.08188e+010 1.15238e+011 -9130.52 9212.12 -2890.66 4e+027 9.84745e+007
-1.60041e+010 5.88266e+011 4.99047e+010 9621.23 17550.1 1882 4e+027 9.84745e+007
1.3016e+011 -4.6531e+010 -8.43066e+010 -16512.1 3344.53 1673.56 4e+027 9.84745e+007
-3.57314e+011 6.67381e+010 3.52924e+010 2263.33 11292.1 -3724.22 4e+027 9.84745e+007
1.03529e+010 1.71327e+012 -4.12288e+012 778.068 15343.1 -38893.5 4e+027 9.84745e+007
-3.1939e+010 9.41495e+010 7.83781e+010 -13245.2 15557.2 2596.58 4e+027 9.84745e+007
6.27157e+011 -2.4424e+011 6.22162e+010 -7663.9 -1584.21 2026.19 4e+027 9.84745e+007
5.42182e+010 9.55113e+010 9.15279e+010 -20346 649.305 1943.18 4e+027 9.84745e+007