469
-5.74742e+009 -2.0589e+010 -8.24674e+010 -6403.73 8342.56 14119 4e+027 9.84745e+007
-1.89598e+009 -9.29663e+010 -3.36023e+010 -14557.1 4224.46 7513 4e+027 9.84745e+007
-4.97366e+010 -1.00475e+011 1.71424e+010 -20736.9 15384.1 -9464.01 4e+027 9.84745e+007
-5.85094e+010 6.14598e+010 1.66263e+008 15899.9 15559.5 -2231.88 4e+027 9.84745e+007
3.68112e+010 1.16086e+009 5.95079e+010 -5609.07 -11778.3 -19420.4 4e+027 9.84745e+007
6.26916e+010 -5.52953e+009 -2.60216e+010 5609.31 -8123.28 -2384.94 4e+027 9.84745e+007
-1.03164e+011 5.40743e+010 -2.92673e+010 9005.7 24924.5 13942.7 4e+027 9.84745e+007
-1.94989e+010 -1.26161e+011 -4.95579e+010 -23259.1 5402.6 8614.71 4e+027 9.84745e+007
1.06365e+011 -4.52186e+010 -2.67547e+010 -11309.6 -17805.1 4932.25 4e+027 9.84745e+007
-7.97976e+010 2.14308e+009 3.31496e+009 -370.58 13163.6 3568.39 4e+027 9.84745e+007
-5.8212e+010 -3.59417e+010 2.35537e+010 -11065.7 18672.5 -1000.31 4e+027 9.84745e+007
6.0301e+010 -6.4418e+010 7.67224e+010 -13336.3 -11067.1 -11582.7 4e+027 9.84745e+007
-4.32459e+010 -1.25129e+011 2.1367e+010 -22032.8 1195.95 -1783.57 4e+027 9.84745e+007
3.29157e+010 5.3373e+010 -2.57208e+010 11631.5 -4659.98 2859.56 8e+027 1.2407e+008
-8.54682e+010 8.98014e+010 3.21749e+010 20288.9 12406.2 -2741.7 4e+027 9.84745e+007
2.70187e+010 -9.02412e+009 -4.77892e+010 -1229.32 -3747.56 14050.7 4e+027 9.84745e+007
8.28895e+010 2.64972e+010 5.35871e+010 -1719.17 -19643.6 -12207.6 4e+027 9.84745e+007
-6.1382e+010 4.84162e+010 3.9769e+010 6524.21 15835.4 -10088.6 4e+027 9.84745e+007
5.43851e+010 -6.886e+010 -5.20994e+010 -12858.7 -9138.96 15510.8 4e+027 9.84745e+007
3.69092e+010 -1.31495e+011 2.30154e+010 -26318.9 -9268.39 -8508.76 4e+027 9.84745e+007
9.35922e+010 -2.27238e+010 -2.32024e+010 -8682.76 -15346.4 4520.78 4e+027 9.84745e+007
-8.1708e+010 9.02091e+010 -1.62127e+010 23583.6 13734.2 18190 4e+027 9.84745e+007
-6.40154e+010 -2.94811e+010 -3.88489e+010 -9314.32 20571.6 14476.9 8e+027 1.2407e+008
6.02906e+010 -4.86968e+009 -5.26296e+010 -7387.12 -10386.8 10868.2 8e+027 1.2407e+008
2.59095e+010 9.48088e+009 3.35676e+010 342.264 -5589.42 -22.5417 8e+027 1.2407e+008
-2.96885e+010 -8.96122e+008 1.94083e+010 -1269.54 4447.94 2952.39 4e+027 9.84745e+007
-1.59352e+009 -3.99096e+010 -8.03786e+010 -12634.3 7268.44 14881 4e+027 9.84745e+007
-1.37329e+010 2.91014e+010 -3.40917e+010 1413.53 5532.56 9629.46 4e+027 9.84745e+007
-8.40777e+009 5.42743e+010 -5.50314e+010 7853.74 1541.29 18821.4 4e+027 9.84745e+007
-4.33267e+008 1.30856e+011 -4.88356e+010 26707.8 -2958.66 5522.67 4e+027 9.84745e+007
5.56931e+010 -4.92421e+009 7.36318e+010 -6843.78 -10031.3 -20213.3 4e+027 9.84745e+007
9.29232e+010 -2.39809e+010 2.71282e+010 -9202.14 -13562.3 -5256.37 4e+027 9.84745e+007
1.16848e+011 5.1794e+010 2.56545e+010 8502.12 -26039.3 -6557.3 8e+027 1.2407e+008
-3.88179e+010 3.77728e+010 2.87648e+010 12866.4 8617.76 -13466.6 4e+027 9.84745e+007
-9.98225e+010 -8.80461e+010 3.94241e+010 -16017.9 17244.5 -11037.9 4e+027 9.84745e+007
-3.71021e+010 -4.32205e+010 8.07475e+010 -9261.49 1081.6 -17281.3 4e+027 9.84745e+007
-1.96854e+010 -7.46689e+010 -1.70699e+009 -15379.2 3096.74 5463.69 4e+027 9.84745e+007
-9.72165e+010 7.33908e+010 3.14969e+009 16188.9 19628.7 62.4643 4e+027 9.84745e+007
5.83338e+010 -3.14069e+010 7.01672e+010 -10055.4 -7795.47 -15092.1 4e+027 9.84745e+007
8.44998e+010 -4.06858e+009 -1.89475e+010 -4312.79 -16522 5280.81 4e+027 9.84745e+007
-3.6985e+010 7.8178e+010 7.53292e+010 11666 7191.48 -18323.4 4e+027 9.84745e+007
6.95725e+010 9.56787e+010 3.90941e+010 26714 -6129.71 -17190.5 4e+027 9.84745e+007
-1.03309e+011 6.33683e+010 -3.14946e+010 14355.3 21493.8 13881 4e+027 9.84745e+007
1.73377e+010 4.04273e+010 -8.86281e+010 59.9763 -6548.41 11287.5 4e+027 9.84745e+007
3.41001e+010 2.52943e+010 -4.90074e+010 1470.39 -4949.41 7022.49 4e+027 9.84745e+007
1.0807e+011 7.17174e+010 -3.35323e+010 11669.1 -22279.2 3092.64 8e+027 1.2407e+008
6.38331e+010 3.90944e+010 6.0971e+010 8284.54 -25047.1 -23134.1 4e+027 9.84745e+007
-3.24438e+010 8.75138e+010 -5.08055e+010 23108.6 -1619.61 11401.5 4e+027 9.84745e+007
5.41952e+010 8.67934e+010 7.96025e+010 18126.6 -10062 -15491.5 4e+027 9.84745e+007
-1.83939e+009 5.08453e+010 -4.66449e+010 3945.34 10664.6 10228.3 4e+027 9.84745e+007
-1.01355e+011 -7.28062e+009 5.55907e+009 -4992.79 23360.6 -11088 4e+027 9.84745e+007
6.42689e+010 -7.28934e+010 -4.66441e+010 -17260.4 -12933.8 8861.26 4e+027 9.84745e+007
-1.2298e+011 3.51906e+010 -2.38733e+010 7682.46 30779.6 7359.62 4e+027 9.84745e+007
-6.15251e+010 2.03681e+010 -8.76931e+010 344.91 11076 21806.4 4e+027 9.84745e+007
-8.61597e+010 9.26049e+010 4.82441e+010 23166.8 23564.4 -29341.7 4e+027 9.84745e+007
3.29179e+010 2.08523e+010 2.49833e+009 1089.94 -12862.7 1278.69 4e+027 9.84745e+007
1.27579e+011 2.72146e+010 7.16427e+009 3359.82 -29856.4 -1461.35 4e+027 9.84745e+007
1.96313e+010 3.97226e+010 5.43341e+010 16049.4 -6374.5 -10866.9 4e+027 9.84745e+007
9.4925e+010 4.95859e+010 -6.91115e+010 10023.8 -16542.1 14329.1 4e+027 9.84745e+007
-4.46944e+010 7.93213e+010 6.4965e+010 10357.9 4007.59 -5187.73 4e+027 9.84745e+007
-5.25119e+010 -1.02334e+011 2.38975e+010 -14697 16448.7 -2018.92 4e+027 9.84745e+007
8.3599e+010 -7.76999e+010 -5.86294e+010 -16054.8 -15525.2 11283.4 4e+027 9.84745e+007
8.67125e+010 -9.283e+009 5.62032e+010 -6872.13 -16923.2 -9724.21 4e+027 9.84745e+007
-2.65377e+010 5.62447e+010 -5.44646e+010 14198.8 11983.3 10871.8 4e+027 9.84745e+007
8.9701e+010 2.12678e+010 1.8335e+008 9128.17 -17239.2 2692.86 4e+027 9.84745e+007
4.60895e+010 -7.12923e+010 -2.49398e+010 -19302 -9021.95 6382.74 8e+027 1.2407e+008
2.36563e+010 6.24213e+010 -8.54725e+010 16055.9 -13194 20560.9 4e+027 9.84745e+007
-1.14381e+011 -1.05344e+011 -2.08323e+010 -25570.6 17078.7 4478.38 4e+027 9.84745e+007
-1.24902e+011 2.06151e+010 2.90174e+010 2517.69 25930.3 -7221.58 4e+027 9.84745e+007
1.2154e+011 6.26358e+009 -3.22822e+009 -978.022 -15799.9 9814.29 4e+027 9.84745e+007
-4.72793e+010 7.73571e+010 7.42914e+009 13466 -187.194 -5783.99 8e+027 1.2407e+008
-7.4812e+010 -7.84078e+010 1.84164e+010 -17952.9 12880.8 1883.93 4e+027 9.84745e+007
-5.88452e+010 -4.14183e+010 1.67986e+010 -14357.6 12108.5 -11346.5 4e+027 9.84745e+007
1.92919e+010 -5.27869e+010 -9.97921e+009 -11772.4 -4870.86 1976.55 4e+027 9.84745e+007
8.74853e+010 7.50024e+008 4.95435e+010 -5917 -14847.2 -10865.1 4e+027 9.84745e+007
2.13012e+010 -7.51956e+010 3.74262e+010 -18207.1 -4647.49 -9207 4e+027 9.84745e+007
4.52596e+010 2.5146e+010 5.88121e+010 17396.8 -13905 -28458.6 4e+027 9.84745e+007
3.28354e+010 9.96529e+009 5.82999e+010 3768.05 -6358.88 -9613.73 4e+027 9.84745e+007
-7.27236e+010 6.95226e+010 -3.84728e+010 14466.8 14890.8 9987.32 4e+027 9.84745e+007
-9.6613e+010 7.74551e+010 -3.61201e+010 20188.2 17359.8 14996.9 4e+027 9.84745e+007
5.50452e+009 6.67945e+010 1.7326e+010 11311.7 -8369.94 -42.0062 4e+027 9.84745e+007
-8.8651e+010 2.72616e+010 -7.70858e+010 3794.11 23353.3 17727.9 4e+027 9.84745e+007
-7.76479e+010 -1.02062e+011 4.69445e+010 -7565.02 11181.3 -10082.6 4e+027 9.84745e+007
2.34536e+010 -1.24454e+011 -1.19121e+010 -31172.9 4030.63 4841.23 4e+027 9.84745e+007
-9.67785e+010 5.41653e+009 -6.71688e+010 2973.58 22852.5 11694.4 4e+027 9.84745e+007
4.1279e+010 1.62602e+010 6.00111e+010 658.008 -11021.1 -10336.2 8e+027 1.2407e+008
6.59439e+010 4.16327e+010 2.30762e+010 9423.81 -7938.91 -3940.61 4e+027 9.84745e+007
6.96772e+010 7.29571e+010 -1.22291e+010 14273.2 -12245.6 3162.92 4e+027 9.84745e+007
-5.74411e+010 -1.65332e+009 1.1795e+010 -2506.32 11872.3 4567.75 4e+027 9.84745e+007
-8.09545e+010 -2.80686e+009 -8.63682e+010 -376.159 19618.5 25846.3 4e+027 9.84745e+007
9.09901e+010 1.03294e+011 1.24647e+010 14930.1 -17400.8 1601.07 4e+027 9.84745e+007
7.98189e+010 1.22767e+011 1.63033e+010 24700.2 -13842.5 7691.94 4e+027 9.84745e+007
1.08628e+011 4.35962e+010 2.2746e+010 4288.69 -19220.5 -3350.24 4e+027 9.84745e+007
-1.65619e+010 2.3045e+010 1.76612e+010 -477.668 -1114.13 -4077.91 4e+027 9.84745e+007
-6.03775e+010 1.11127e+011 1.57431e+010 16422.6 2928.4 113.008 4e+027 9.84745e+007
-5.90451e+010 3.30088e+010 1.15109e+010 5707.95 13000.1 40.1241 4e+027 9.84745e+007
3.41787e+010 -1.17327e+011 2.78734e+008 -29876.3 -8694.2 -5571.26 4e+027 9.84745e+007
-8.8493e+010 -9.86921e+010 2.21723e+010 -25220.8 16037.6 -861.444 4e+027 9.84745e+007
-4.19877e+008 1.44519e+010 7.77366e+010 10628.6 -10983.9 -15398.8 4e+027 9.84745e+007
3.4782e+010 9.13433e+010 -3.49412e+010 16167 -10423.4 8429 4e+027 9.84745e+007
-4.41164e+009 -5.61347e+010 -1.03498e+010 -12891.3 952.164 5746.72 4e+027 9.84745e+007
-8.76814e+010 8.55095e+010 2.49403e+010 7542.32 20719.3 -7091.06 4e+027 9.84745e+007
-1.41319e+011 1.04108e+010 1.22757e+010 1490.26 31469.3 -966.534 4e+027 9.84745e+007
-1.11513e+010 2.56684e+010 1.57508e+010 -3199.54 -104.062 5877.81 4e+027 9.84745e+007
-4.87515e+010 -1.2311e+010 -6.4388e+009 -5862.16 7873.73 5768.88 4e+027 9.84745e+007
4.37163e+010 3.94977e+010 5.90931e+010 19070.5 -15072.1 -13159 4e+027 9.84745e+007
-6.40296e+010 -3.99476e+010 -9.35781e+010 -12362.8 13620.6 16155.4 4e+027 9.84745e+007
-2.22426e+010 9.28784e+009 2.75748e+010 -2985.68 6142 -13092.5 4e+027 9.84745e+007
-4.67157e+010 -6.80313e+010 8.76964e+010 -10525.7 6571.68 -8526.65 4e+027 9.84745e+007
3.42723e+010 1.07419e+010 6.2669e+010 -11416.4 8576.56 -4197.24 4e+027 9.84745e+007
-3.8698e+010 8.87156e+010 -4.75664e+010 18834.2 -4214.62 7148.52 4e+027 9.84745e+007
3.9508e+010 5.06876e+010 -7.5557e+010 7384.78 -11877.3 13964.3 4e+027 9.84745e+007
4.12431e+010 3.12206e+010 -9.85959e+010 3677.09 -3216.72 20480.5 4e+027 9.84745e+007
6.1138e+010 -8.80164e+009 -2.34651e+010 -7924.21 -14827.4 -3547.99 4e+027 9.84745e+007
-5.56765e+010 1.15258e+011 2.01394e+010 26306.3 508.792 -8056.64 4e+027 9.84745e+007
1.9223e+010 1.3683e+011 -2.56818e+010 26962 -3140.12 4728.43 4e+027 9.84745e+007
-7.55854e+008 -2.20287e+010 -8.48598e+010 -10042.2 -1067.09 24724.8 8e+027 1.2407e+008
-1.66077e+010 -7.35675e+010 5.41275e+010 -15548.9 -1640.77 -12539.5 4e+027 9.84745e+007
8.36009e+010 -1.12981e+011 -2.55823e+010 -20425.5 -19885.6 5172.05 4e+027 9.84745e+007
2.4381e+010 -1.12561e+011 -1.30668e+010 -24911.9 -6004.13 -2248.54 8e+027 1.2407e+008
9.36132e+010 3.3463e+010 -8.32146e+010 5177.1 -15417.3 15537.3 4e+027 9.84745e+007
5.26198e+010 3.28094e+010 6.1619e+010 5949.51 -19355 -13282.7 1.2e+028 1.42025e+008
-1.8744e+010 -1.69093e+010 -7.39698e+010 -5890.58 7837.29 13963.2 4e+027 9.84745e+007
5.34807e+010 1.19144e+010 -3.84368e+010 2671.65 -12761.9 11175.1 4e+027 9.84745e+007
2.13982e+010 -3.14912e+010 -3.69878e+010 -8850.88 553.275 7815.42 4e+027 9.84745e+007
-3.34441e+010 -1.9179e+010 -5.50111e+010 -9265.73 8698.81 7812.3 4e+027 9.84745e+007
-1.72477e+010 2.32478e+010 -2.30038e+010 782.149 5117.39 3614.18 4e+027 9.84745e+007
-7.6498e+010 2.70888e+010 6.21792e+010 2059.45 17963.4 -14116.3 4e+027 9.84745e+007
7.96885e+010 1.25637e+011 4.63841e+009 27173.3 -13846.9 -1404.5 4e+027 9.84745e+007
-1.06375e+011 2.03876e+010 7.75478e+010 1704.58 21644.4 -15945.2 8e+027 1.2407e+008
5.94281e+010 5.08691e+010 -6.92158e+010 7565.09 -13506.7 14064.3 4e+027 9.84745e+007
1.23488e+011 6.49819e+007 -3.60026e+010 -1181.61 -21976.3 7793.65 4e+027 9.84745e+007
-1.08933e+011 5.64004e+010 -5.37008e+010 10865.1 22900.4 17569 4e+027 9.84745e+007
-1.14435e+011 -1.68178e+010 1.77853e+009 2558.88 30163.9 5766.46 4e+027 9.84745e+007
-6.22115e+010 5.15342e+010 -4.1236e+010 5653.81 14283.7 10272.9 4e+027 9.84745e+007
-7.03016e+010 8.59064e+010 5.63929e+010 11866.4 5771.29 -18572.9 4e+027 9.84745e+007
-9.82058e+009 -1.14747e+011 -4.60469e+010 -24356.9 1060.94 7256.61 4e+027 9.84745e+007
8.28803e+010 9.70512e+010 2.83646e+010 19754.7 -17598.2 -3201.5 8e+027 1.2407e+008
5.37896e+010 -7.13023e+010 8.87534e+010 -12304.5 -10568 -16167.4 4e+027 9.84745e+007
-5.02286e+010 -3.03052e+010 -3.09011e+010 -13220.2 12207.4 9588.42 8e+027 1.2407e+008
-2.92496e+010 2.50441e+010 2.87212e+010 1224.81 1280.69 -20351.7 4e+027 9.84745e+007
7.17233e+010 -5.42272e+010 1.16709e+010 -12300.6 -13924.4 -179.178 4e+027 9.84745e+007
1.22645e+011 8.58624e+009 -5.85344e+008 6150.67 -23152.7 16716.8 4e+027 9.84745e+007
-4.70495e+010 1.13201e+010 -6.35256e+010 3605.28 9947.07 17829.4 4e+027 9.84745e+007
1.42052e+010 1.40339e+011 2.0758e+010 29601.7 -144.403 -3805.18 1.2e+028 1.42025e+008
4.32994e+010 5.74547e+010 -1.13806e+010 10771.9 -12261.1 -1176.76 4e+027 9.84745e+007
-1.09836e+011 -9.39452e+010 2.91739e+010 -16408.6 21448.1 -4378.66 4e+027 9.84745e+007
-2.2323e+010 5.371e+010 7.92662e+010 8921.47 1956.02 -24628.3 4e+027 9.84745e+007
4.53517e+010 -4.03914e+010 5.09346e+010 -12276 -4853.42 -9751.97 4e+027 9.84745e+007
8.56764e+010 5.64703e+010 4.82767e+010 6638.01 -19913.5 -8874.35 4e+027 9.84745e+007
7.67786e+010 7.01981e+010 -4.6404e+010 15478.9 -13844.3 11553.6 4e+027 9.84745e+007
7.0265e+009 3.69151e+010 5.19773e+010 8944.65 -2377.59 -12901.9 8e+027 1.2407e+008
-5.80036e+010 1.12496e+011 1.99883e+010 32110.3 9108.98 -4839.02 4e+027 9.84745e+007
-3.57269e+009 5.38597e+010 -4.43522e+010 14797.8 2588.93 1013.41 4e+027 9.84745e+007
1.37147e+010 -1.30016e+010 2.62702e+010 -1841.07 5629.26 -6012.87 4e+027 9.84745e+007
-5.0324e+010 5.84207e+010 -1.59217e+009 7844.34 9243.2 6961.36 1.2e+028 1.42025e+008
-3.79819e+010 7.55156e+010 6.91722e+010 2419.7 18399.2 -9749.81 4e+027 9.84745e+007
1.43297e+011 -2.5087e+010 6.71328e+009 -6915.48 -22194.2 444.014 8e+027 1.2407e+008
-1.30624e+011 4.75267e+010 1.69918e+010 11968.7 23874.3 1866.82 4e+027 9.84745e+007
4.97175e+009 7.14552e+010 1.91988e+010 17673 2414.12 -3618.75 4e+027 9.84745e+007
-6.93474e+010 5.62914e+010 -6.0701e+010 9220.62 15449.8 12950 4e+027 9.84745e+007
-8.70183e+010 8.00468e+010 1.98161e+010 12106.7 27513.3 713.655 4e+027 9.84745e+007
-2.40813e+010 -1.05242e+011 5.32639e+010 -38068.5 6593.36 -26588.6 4e+027 9.84745e+007
8.02504e+009 -7.79418e+009 2.14075e+010 -2017.03 639.969 -9797.84 4e+027 9.84745e+007
-1.08028e+011 6.94499e+010 -4.28861e+009 18620.6 24995.4 2722.62 8e+027 1.2407e+008
7.25805e+010 9.60591e+010 4.0869e+010 19781.1 -17532.9 -8754.89 4e+027 9.84745e+007
-8.81731e+010 -4.49865e+010 1.75056e+010 -8062.25 36153.8 -6372.17 4e+027 9.84745e+007
-3.22559e+010 3.00335e+010 3.16163e+010 -49.2431 8540.34 -9370.88 4e+027 9.84745e+007
3.2755e+010 1.22677e+011 -2.15503e+010 22277.7 -6619.83 4451.54 4e+027 9.84745e+007
-8.94229e+010 -2.29178e+010 1.18e+010 -8934.68 19773.2 5035.6 4e+027 9.84745e+007
-2.23328e+009 1.2388e+011 -5.04632e+010 23679 3394.49 11821.5 4e+027 9.84745e+007
5.90714e+010 9.48734e+009 5.40935e+010 -9879.22 -9832.52 -1992.31 4e+027 9.84745e+007
-6.76279e+010 7.76342e+010 -4.11579e+010 17288.7 8153.06 17067 4e+027 9.84745e+007
3.2896e+010 -7.04437e+009 3.80665e+010 -384.514 -1416.36 -6464.97 4e+027 9.84745e+007
-7.06437e+010 9.21975e+010 5.3998e+010 15540.4 11794.9 -19450.5 4e+027 9.84745e+007
-1.03164e+011 5.52803e+010 -4.05009e+010 11791.3 23783.1 10771.1 4e+027 9.84745e+007
-2.19043e+010 -1.04336e+011 5.88082e+010 -13899.2 9661.76 -8894.77 4e+027 9.84745e+007
3.23373e+010 -5.85383e+010 9.2865e+010 -9642.59 -5135.19 -16485.7 4e+027 9.84745e+007
-5.88778e+009 1.06596e+011 -1.81562e+010 19013.7 -3852.35 1420.19 4e+027 9.84745e+007
-8.15758e+010 8.33443e+010 4.91316e+010 14605.5 18752.7 -13992.1 4e+027 9.84745e+007
-2.55762e+010 5.52629e+010 8.32667e+010 4936.04 8604.4 -15358.3 4e+027 9.84745e+007
-6.23335e+010 5.25562e+010 -6.66819e+010 7371.11 10904.3 21470.7 4e+027 9.84745e+007
-2.40518e+010 -1.0664e+011 5.64314e+010 -25276.1 542.736 -4038.3 8e+027 1.2407e+008
9.89097e+010 2.0665e+010 6.18164e+009 1908.68 -25608.3 3651.73 4e+027 9.84745e+007
-4.30996e+010 -6.52894e+010 8.23009e+010 -5836.32 4811.71 -15691.1 4e+027 9.84745e+007
1.15475e+011 6.16505e+010 3.42895e+010 10905.2 -23417 -5834.11 4e+027 9.84745e+007
-7.13855e+010 9.52501e+010 3.86615e+010 16295.4 1112.73 -11746.9 4e+027 9.84745e+007
-1.09089e+011 6.96093e+010 3.50441e+010 15153.8 23177 -10611.8 4e+027 9.84745e+007
6.72653e+010 -3.12938e+010 -4.47528e+010 -10739 -9172.75 12730.6 4e+027 9.84745e+007
6.22061e+010 -1.21609e+010 -2.74713e+010 -4040.39 -6265.09 3890.11 4e+027 9.84745e+007
-3.39241e+010 4.52526e+010 -2.0995e+009 2008.6 2789.67 653.605 4e+027 9.84745e+007
-2.29102e+010 -2.62916e+010 -1.02059e+011 -6759.32 7561.97 21262.3 4e+027 9.84745e+007
-8.78619e+010 8.43691e+010 -2.70859e+010 19851.1 16677.6 7404.35 4e+027 9.84745e+007
7.91364e+010 -1.06889e+011 4.4457e+010 -20123.1 -12937.4 -9243.11 8e+027 1.2407e+008
-5.00107e+010 -1.30181e+011 2.17408e+010 -27308.9 16181.3 -5027.72 4e+027 9.84745e+007
-5.51503e+010 3.25212e+010 9.92518e+010 1879.07 11223.9 -21570.6 4e+027 9.84745e+007
2.3354e+010 4.92808e+010 -7.95069e+010 9797.68 2480.08 23765.4 8e+027 1.2407e+008
1.1578e+011 -1.6312e+010 6.18313e+010 -4940.62 -21306.1 -11409.3 4e+027 9.84745e+007
3.20532e+010 -1.51909e+010 -4.06135e+010 -5220.98 -3380.96 6917.96 4e+027 9.84745e+007
-3.29731e+010 8.09875e+010 -5.33243e+010 13512.5 8503.48 16836.7 8e+027 1.2407e+008
-1.05843e+010 8.45603e+010 8.80065e+010 16436.3 -776.953 -17897.7 4e+027 9.84745e+007
-6.9646e+010 -8.31489e+009 -6.6566e+010 -5305.79 18299.3 13463.5 4e+027 9.84745e+007
2.02489e+010 -9.79707e+010 1.13443e+010 -18344.3 -6694.61 -7459.64 4e+027 9.84745e+007
8.6135e+009 -1.26865e+011 6.32464e+010 -26484.7 -6246.3 -11276.8 4e+027 9.84745e+007
-8.13722e+010 -9.5489e+010 1.93343e+010 -20788.5 17304.5 796.412 4e+027 9.84745e+007
-3.41844e+010 5.84597e+010 -6.98366e+010 12347.9 8967.29 22344 4e+027 9.84745e+007
-6.5763e+010 1.00469e+010 -3.3839e+010 3793.63 11681.1 7707.6 4e+027 9.84745e+007
-7.92362e+009 -1.08716e+011 -5.4177e+010 -16329.4 -5719.58 16802.2 4e+027 9.84745e+007
-7.01924e+010 2.4127e+010 2.46707e+010 6001.96 17808.5 -9407.32 4e+027 9.84745e+007
8.27041e+010 7.28298e+010 2.00196e+010 13368.4 -15430.3 2746.63 4e+027 9.84745e+007
-8.48986e+010 -4.28312e+010 1.32702e+010 -3774.48 22242.1 1115.18 4e+027 9.84745e+007
-8.29034e+010 -8.81109e+009 -8.30879e+010 -11458.8 18488 22208.6 4e+027 9.84745e+007
-2.57414e+010 1.12435e+011 -9.61177e+009 15077.6 -4249.41 448.881 4e+027 9.84745e+007
-7.7383e+009 1.83259e+010 7.69785e+010 3985.23 9220.01 -25371.3 4e+027 9.84745e+007
-2.62378e+010 -8.54843e+010 -3.48058e+009 -18306.2 8034.9 8301.42 4e+027 9.84745e+007
-6.26916e+010 -3.59425e+010 1.72695e+010 -6732.3 17419.7 -4234.15 4e+027 9.84745e+007
1.59243e+010 -2.94417e+010 -5.41571e+010 -9361.64 1855.06 13735.3 4e+027 9.84745e+007
4.35782e+010 -1.46528e+010 -8.55552e+010 -5376.42 -4485.31 20313.2 4e+027 9.84745e+007
-5.6017e+010 1.42126e+010 9.84191e+009 2023.71 11670.1 -7467.89 4e+027 9.84745e+007
-7.60437e+009 -1.39057e+011 5.01847e+010 -28842.7 -371.289 -7064.74 4e+027 9.84745e+007
8.77092e+009 3.96611e+010 -3.82341e+010 2265.17 1395.14 5842.99 4e+027 9.84745e+007
-2.13112e+010 2.5673e+010 2.21813e+010 6331.5 4509.43 -2018.76 4e+027 9.84745e+007
5.7178e+010 1.38021e+011 2.68369e+010 27031.4 -9780.87 -5259.01 4e+027 9.84745e+007
-1.33065e+011 4.45782e+010 1.79001e+010 9292.3 33629.3 -9848.9 4e+027 9.84745e+007
5.01494e+010 -7.39205e+009 -7.7938e+010 -2514.67 -9714.43 17352.2 4e+027 9.84745e+007
1.48963e+010 -1.35986e+010 2.96651e+010 -17382.7 2128.51 -12938.4 4e+027 9.84745e+007
8.38434e+010 8.01982e+010 -1.23762e+010 15801.1 -18299.7 3393.96 4e+027 9.84745e+007
2.3851e+010 1.36552e+011 2.25463e+010 21074.9 -6664.72 -448.501 4e+027 9.84745e+007
-3.812e+010 2.99199e+010 2.95474e+010 6816.8 8436.9 -9162.59 4e+027 9.84745e+007
8.45374e+010 -1.09662e+011 4.65623e+010 -15721.2 -23314.8 -3460.58 4e+027 9.84745e+007
4.12391e+010 1.34731e+011 2.87555e+010 26469.3 -4115.38 -10223.9 4e+027 9.84745e+007
8.36193e+010 2.88147e+009 7.60821e+010 -2914.5 -17322.9 -18610 4e+027 9.84745e+007
4.46904e+009 -8.87986e+010 -3.32693e+010 -16434.3 -5185.26 11905.5 4e+027 9.84745e+007
4.53187e+010 1.24856e+010 6.23021e+010 -6035.05 -16310.2 -8982.52 4e+027 9.84745e+007
9.7014e+010 6.87385e+010 -4.45247e+010 11609.4 -18760.9 9867.9 4e+027 9.84745e+007
-3.73288e+010 -6.66555e+010 -4.26615e+010 -15277.6 8888.62 12110.9 4e+027 9.84745e+007
-9.61325e+009 6.53863e+010 -7.09904e+010 10938.9 1832.7 18727.4 4e+027 9.84745e+007
-7.98634e+010 -6.52177e+008 -8.04888e+010 4584.82 16207.6 10796 4e+027 9.84745e+007
6.34533e+010 -1.57878e+010 -2.46059e+010 -13649 -7433.95 13271.1 4e+027 9.84745e+007
-8.63559e+010 9.1853e+010 3.24153e+010 21684.8 29764.3 -17546.7 4e+027 9.84745e+007
-1.08495e+011 -9.77036e+010 -1.95101e+010 -16054.1 19274.9 5415.71 8e+027 1.2407e+008
-6.79021e+010 -3.02447e+010 3.25446e+010 -1504.72 13719.8 -8767.74 4e+027 9.84745e+007
1.30551e+011 1.01934e+010 -3.83188e+009 3521.55 -29662.3 1297.35 4e+027 9.84745e+007
9.68856e+010 -7.32413e+010 5.83435e+010 -12410.3 -19973.7 -7561.36 4e+027 9.84745e+007
-3.9352e+010 4.72526e+010 -4.15807e+009 10584.2 6492.62 291.462 4e+027 9.84745e+007
2.34754e+010 8.56493e+010 2.9551e+010 17024.5 -8768.58 -9621.27 4e+027 9.84745e+007
-8.1978e+010 9.054e+010 -1.93177e+010 22856.2 7821.61 -1004.04 8e+027 1.2407e+008
-4.51091e+010 -7.28952e+010 8.49449e+010 -25935.9 2234.34 -27657.6 4e+027 9.84745e+007
-2.15651e+010 -1.00354e+011 5.16757e+010 -10567.7 -231.103 -9476.05 8e+027 1.2407e+008
6.66965e+010 2.52221e+010 -7.0751e+009 6963.69 -14174 8397.83 4e+027 9.84745e+007
5.95962e+010 -1.78446e+009 -5.41158e+010 6464.96 -14413.1 24035.9 4e+027 9.84745e+007
7.75551e+010 -2.67258e+010 -5.9149e+010 -7900.35 -14323.6 14853.9 4e+027 9.84745e+007
5.95789e+010 2.98507e+010 -1.27727e+010 4941.87 -11048 2015.31 4e+027 9.84745e+007
-1.03336e+011 6.9841e+010 3.32914e+010 16903.4 26136.7 -7468.03 4e+027 9.84745e+007
-3.99302e+010 -1.17184e+011 2.44449e+010 -25004.1 16665.9 4648.71 4e+027 9.84745e+007
-9.82793e+010 -1.04162e+011 -2.27356e+010 -25102.1 14799.1 12191.2 4e+027 9.84745e+007
8.57113e+010 -6.77265e+010 2.95759e+010 -13253.2 -17281.1 -4115.59 4e+027 9.84745e+007
-6.20285e+010 -1.78207e+010 1.35978e+010 -5024.06 12771.7 3324.88 4e+027 9.84745e+007
-7.38733e+010 3.04612e+010 8.84507e+010 2172.24 16609.3 -18209.9 4e+027 9.84745e+007
-7.87803e+010 8.96268e+010 3.46784e+010 13184.6 6546.5 -9530.98 4e+027 9.84745e+007
-5.29635e+010 6.95925e+010 -9.12618e+009 15961.3 2498.08 8397.71 4e+027 9.84745e+007
4.36262e+010 1.75865e+010 6.01687e+010 2278.25 -4216.25 -24696.9 4e+027 9.84745e+007
-1.02509e+011 -9.36691e+009 1.01523e+010 6420.44 21510.6 -4226.98 4e+027 9.84745e+007
3.45746e+010 -1.11218e+011 -1.22784e+010 -11385.9 -11882.5 9141.83 4e+027 9.84745e+007
-8.47661e+010 3.13946e+010 -7.64345e+010 6857.79 12699.2 17470.1 4e+027 9.84745e+007
2.87223e+010 3.09488e+010 -5.80036e+010 7666.84 -8425.62 17258.1 4e+027 9.84745e+007
-1.93552e+010 -3.10365e+010 1.98419e+010 -12788.1 6410.74 -553.618 4e+027 9.84745e+007
3.07557e+010 9.31137e+009 5.88578e+010 12071.2 16414.9 -17589.6 4e+027 9.84745e+007
5.23244e+010 2.0332e+010 -1.01008e+011 -4242.77 -9558.72 18904 4e+027 9.84745e+007
6.78708e+010 3.09658e+010 6.61546e+010 8357.93 -18849.7 -11200.5 4e+027 9.84745e+007
-5.14969e+010 8.02779e+010 1.05237e+010 9155.99 9760.85 2296.32 4e+027 9.84745e+007
5.34754e+010 2.01524e+010 6.82724e+010 -7510.73 -15664.8 -29063.7 4e+027 9.84745e+007
-5.23644e+009 1.1225e+011 4.09179e+010 20783.1 -76.654 -9877.88 4e+027 9.84745e+007
6.41788e+010 5.69167e+008 1.35743e+010 -3580.17 -8505.82 -1793.13 4e+027 9.84745e+007
2.50405e+010 -1.04313e+011 1.90478e+010 -19271.7 -9364.66 -4938.76 4e+027 9.84745e+007
-6.54379e+010 5.54277e+010 4.31026e+010 9897.99 13325 -15629.7 4e+027 9.84745e+007
-8.0724e+010 -2.49064e+010 3.9254e+009 -7606.25 19783.1 2480.41 4e+027 9.84745e+007
2.89718e+010 2.16971e+010 3.46158e+009 3653.41 1601.33 4240.66 4e+027 9.84745e+007
-6.92282e+010 1.02151e+009 -3.42499e+010 -660.441 17134.4 10982.7 4e+027 9.84745e+007
-6.66222e+010 -3.23037e+010 3.62773e+010 -11988.3 12912.4 -19086.7 4e+027 9.84745e+007
8.32387e+010 1.18454e+011 8.1343e+009 19231 -13774.5 2249.89 4e+027 9.84745e+007
2.32941e+008 -1.19571e+010 -3.70489e+010 -4422.61 2919.23 8517.09 4e+027 9.84745e+007
-1.12932e+011 3.87712e+010 4.42955e+008 10426.2 26303.6 -754.532 4e+027 9.84745e+007
-1.20897e+011 3.88239e+010 -5.73469e+010 5382.26 28191.8 13048.5 4e+027 9.84745e+007
2.10072e+009 5.69408e+010 -4.81847e+010 8297.57 -12862.2 15271.5 4e+027 9.84745e+007
7.69094e+010 8.13694e+010 2.64077e+010 15679.4 -12919.3 -5394.72 4e+027 9.84745e+007
-3.82492e+010 7.68399e+010 6.895e+010 22494.5 -14795.1 -3183.53 4e+027 9.84745e+007
6.31982e+010 1.00857e+011 -1.29484e+010 21882.5 -12002 5634.19 4e+027 9.84745e+007
8.91155e+009 8.6325e+010 -2.48749e+010 14975.4 -4271.05 3509.08 4e+027 9.84745e+007
-6.77454e+010 -1.58787e+010 -3.4688e+010 -4736.99 16387.7 12117.9 4e+027 9.84745e+007
1.94436e+010 -1.00973e+010 1.13707e+010 -6897.17 -5080.4 8832.61 4e+027 9.84745e+007
-8.62512e+010 6.43735e+010 7.3221e+010 12722.7 20021 -17737 4e+027 9.84745e+007
-1.20496e+011 1.04503e+010 4.36357e+010 846.666 24430.4 -11942.1 4e+027 9.84745e+007
-2.14746e+010 -9.10855e+009 -9.16154e+010 -114.629 4186.49 21653.8 4e+027 9.84745e+007
-8.72714e+010 8.80685e+010 2.37894e+010 17532 18773.1 10063.8 4e+027 9.84745e+007
1.27953e+010 1.12845e+011 -5.78136e+010 22307.9 -7078.64 15767 4e+027 9.84745e+007
-2.60846e+010 -8.37759e+009 2.04892e+010 -9774.22 8400.09 -1814.49 4e+027 9.84745e+007
7.3318e+010 5.00417e+010 2.44945e+010 11570.5 -16032.1 -3797.68 8e+027 1.2407e+008
-2.42586e+010 -8.70193e+010 1.07875e+010 -20458.5 2283.01 -1936.5 4e+027 9.84745e+007
-1.38332e+011 1.3595e+010 3.98741e+010 2482.8 30458 -8992.22 4e+027 9.84745e+007
3.32846e+010 1.48536e+010 5.72961e+010 10622.3 7037.45 -17769.5 4e+027 9.84745e+007
-1.02419e+010 8.04917e+010 -8.1159e+010 18965.6 832.251 20815 4e+027 9.84745e+007
2.60682e+010 -9.23896e+010 -2.8417e+010 -18911.3 -6371.73 11701.2 4e+027 9.84745e+007
7.36689e+010 -6.25812e+010 4.60763e+009 -14399.9 -13893.4 -58.9051 4e+027 9.84745e+007
1.43894e+010 9.60463e+010 -8.55536e+010 17874.7 -3563.2 15687.4 4e+027 9.84745e+007
1.15909e+011 5.17159e+010 -5.35831e+010 4358.35 -19275.6 6927.69 4e+027 9.84745e+007
-1.09433e+011 3.23414e+010 8.06268e+009 7717.7 25255.9 -2100.65 4e+027 9.84745e+007
-2.77706e+010 5.0905e+010 -5.54238e+010 4440.16 6433.97 15492.2 4e+027 9.84745e+007
-4.48873e+010 2.72722e+010 -3.56993e+010 3055.02 9265.36 6759.05 4e+027 9.84745e+007
9.81266e+010 -5.23432e+009 1.91219e+010 -4558.9 -15296.8 -4679.14 4e+027 9.84745e+007
-7.9366e+010 9.43132e+010 1.8509e+010 31898.3 8732.82 -3324.58 4e+027 9.84745e+007
-8.78989e+010 -4.52912e+010 1.57437e+010 -15037.5 8953.3 -343.145 4e+027 9.84745e+007
8.91615e+008 1.48994e+010 7.6699e+010 1355.74 5243.87 -18590 4e+027 9.84745e+007
-5.57414e+010 -2.13908e+010 1.2369e+010 -11914.4 10133.5 -4779.97 4e+027 9.84745e+007
-1.14448e+011 4.75807e+009 6.40836e+010 -1692.47 24866.2 -12768.7 4e+027 9.84745e+007
-5.44428e+010 9.61224e+009 1.76423e+010 1751.63 12143.9 -2060.91 4e+027 9.84745e+007
8.76263e+010 9.70844e+010 3.79024e+010 17656.8 -18668.8 -14908.8 4e+027 9.84745e+007
1.24108e+011 4.75198e+009 -3.44977e+009 -14887.3 -28370.5 -4493.14 4e+027 9.84745e+007
-1.907e+010 -1.08652e+011 5.19977e+010 -26084.9 -5312.98 -22010.7 4e+027 9.84745e+007
-4.44194e+010 -1.31257e+011 1.64391e+010 -32180 8750.96 8117.91 4e+027 9.84745e+007
1.13546e+011 -4.26464e+010 -6.14413e+010 -7317.49 -20435.4 10583.2 4e+027 9.84745e+007
1.45098e+010 1.07269e+011 -5.71653e+010 14359.5 -2890.91 8403.18 4e+027 9.84745e+007
-4.4274e+010 -3.66855e+010 -6.58421e+009 -12344.1 12247.2 5644.91 4e+027 9.84745e+007
1.13254e+011 -7.39887e+009 -4.6481e+010 -2136.23 -19458.2 13833.6 4e+027 9.84745e+007
5.26472e+010 8.03025e+008 7.07273e+010 -7921.01 -1020.82 -25278.3 4e+027 9.84745e+007
-1.00999e+011 -5.60745e+009 7.13631e+009 18531.6 31016.9 -10240.8 4e+027 9.84745e+007
-9.07701e+010 8.77012e+010 -1.82333e+010 10406.4 18224.3 8146.86 4e+027 9.84745e+007
3.36627e+010 -1.1224e+011 -3.13774e+009 -20761.7 -13044.2 -3114.51 4e+027 9.84745e+007
2.73852e+010 -1.07389e+011 8.43461e+010 -19296.5 -9446.51 -13155.4 4e+027 9.84745e+007
-1.99361e+010 6.51376e+010 -7.20108e+010 11876 4574.63 19427.1 4e+027 9.84745e+007
1.57826e+009 -1.25597e+010 2.63537e+010 326.86 5768.38 555.186 4e+027 9.84745e+007
-4.07615e+009 5.90871e+010 -3.35742e+010 8653.52 4102.47 12519.6 4e+027 9.84745e+007
-4.31614e+010 -1.20982e+011 2.19777e+010 -38311.6 2512 2672.13 4e+027 9.84745e+007
1.3146e+011 -6.27379e+009 3.52148e+010 -989.799 -24458.2 -8587.15 4e+027 9.84745e+007
1.03287e+011 7.08115e+010 -4.21767e+010 20179.5 -18276.2 13985.8 4e+027 9.84745e+007
-7.79805e+010 -1.02803e+011 4.56228e+010 -31526.7 18306.3 -14426.2 4e+027 9.84745e+007
8.85088e+010 1.23042e+011 5.81535e+009 29087.9 -21136 -350.504 4e+027 9.84745e+007
2.90675e+010 8.56651e+009 6.24913e+010 -14407.7 3373.17 -11205.9 4e+027 9.84745e+007
-8.06653e+010 9.09713e+010 5.28699e+010 19188.9 14114.2 -14049 4e+027 9.84745e+007
6.25114e+010 4.42158e+009 -3.05014e+010 1119.36 -14924 7477.01 4e+027 9.84745e+007
-1.26997e+011 -2.76718e+010 -3.22758e+010 -5548.68 26662.5 10156.1 4e+027 9.84745e+007
-8.24213e+010 9.04802e+010 2.6023e+010 17806.9 7280.01 2537.76 4e+027 9.84745e+007
-1.14433e+011 7.93533e+010 3.40947e+010 15965.4 32767.4 -9171.78 4e+027 9.84745e+007
-4.63214e+010 -7.11758e+010 8.63741e+010 -16913.9 14949.2 -14329.3 4e+027 9.84745e+007
-1.37934e+011 -4.97308e+010 -5.66825e+009 -13191.4 28604.3 4037.07 4e+027 9.84745e+007
-3.16466e+010 1.87071e+009 1.882e+010 1134.5 10257.6 -11140.3 4e+027 9.84745e+007
-9.11352e+010 -5.23456e+010 6.85397e+010 -13150.4 19667 -15814.8 4e+027 9.84745e+007
-1.19621e+009 5.17307e+010 -4.64813e+010 11516.8 -16434.8 -3364.79 4e+027 9.84745e+007
-4.88487e+010 1.81528e+010 -5.20422e+010 2133.97 11142 7640.32 4e+027 9.84745e+007
1.03549e+011 1.38365e+010 -4.30642e+010 3813.01 -20573.7 11307.5 4e+027 9.84745e+007
4.65912e+010 2.51907e+010 5.46821e+010 8787.62 5586.35 -15887.3 4e+027 9.84745e+007
-8.22023e+010 -1.77594e+010 -2.23367e+010 -5037.51 20819.8 9062.3 4e+027 9.84745e+007
-5.9542e+010 -4.11492e+010 4.07432e+010 -11893.1 11221.4 -15270.4 4e+027 9.84745e+007
3.56e+010 -7.45756e+009 3.97705e+010 -17153.1 -4873.21 -2617.31 4e+027 9.84745e+007
9.00342e+010 -6.62109e+010 5.19872e+010 -13189.5 -16064 -10291.9 4e+027 9.84745e+007
-7.68598e+010 6.37901e+010 -3.56494e+010 6643.23 10383 15155.4 4e+027 9.84745e+007
4.24854e+010 -6.44072e+010 -2.14793e+010 -10138.2 -11953.4 197.298 4e+027 9.84745e+007
-5.35893e+010 -1.84175e+010 -2.00481e+010 -7418.95 10486.7 6817.18 4e+027 9.84745e+007
2.6701e+010 1.94905e+010 4.14956e+010 7492.38 -8442.89 -5634.87 4e+027 9.84745e+007
-8.21556e+010 6.22343e+010 -3.65414e+010 10917.9 21465.4 5288.05 4e+027 9.84745e+007
-9.24377e+009 9.89418e+010 -2.35165e+010 18548 2632.02 6259.14 4e+027 9.84745e+007
-8.77048e+010 9.05271e+010 4.50631e+010 20289.4 18204.1 -15586.1 4e+027 9.84745e+007
2.92209e+010 -1.33343e+011 1.27554e+010 -26092.1 -2235.56 -2335.8 4e+027 9.84745e+007
-3.7995e+010 7.55583e+010 6.81094e+010 8956.8 3641.68 -34944.8 4e+027 9.84745e+007
-4.04203e+010 -1.09612e+011 2.28479e+010 -18025.3 3016.47 -4676.99 4e+027 9.84745e+007
-8.70803e+010 -5.66144e+010 1.50422e+010 -13364.2 21530.2 -1178.24 4e+027 9.84745e+007
-9.9508e+010 -8.56546e+009 8.3964e+009 -23107.2 29802 25431.2 4e+027 9.84745e+007
-9.74511e+010 -8.9492e+009 6.76615e+009 -913.245 21120.9 6152.42 4e+027 9.84745e+007
-2.80472e+010 1.1263e+011 -7.78691e+009 27488.5 7876.99 3562.22 4e+027 9.84745e+007
4.04004e+010 5.67573e+010 -3.3023e+010 8264.48 -13971.8 13022 4e+027 9.84745e+007
1.3257e+010 -1.2945e+010 1.41633e+010 -7430.25 2255.96 3320.91 4e+027 9.84745e+007
-2.97169e+010 4.20715e+010 2.76391e+010 8396.8 -3867.25 -7651.49 4e+027 9.84745e+007
1.70215e+009 -2.2922e+010 -7.99219e+010 -4717.63 -3349.5 13211.1 4e+027 9.84745e+007
1.41138e+010 7.44636e+010 2.55803e+010 12686.5 -5268.93 -8403.93 4e+027 9.84745e+007
-4.27724e+010 1.39969e+011 -9.99068e+009 26232 6629.48 4795.37 4e+027 9.84745e+007
-7.66686e+010 -7.63639e+010 4.18534e+009 -18005.6 14779.4 9879.89 4e+027 9.84745e+007
8.51486e+010 2.81477e+010 2.07082e+009 2204.07 -11842.1 9181.79 4e+027 9.84745e+007
-6.70885e+010 2.08797e+010 4.15852e+010 3041.61 16472.9 -14153.7 4e+027 9.84745e+007
4.34452e+010 -1.19025e+011 -1.59301e+010 -29708.4 -12917.2 7981.35 4e+027 9.84745e+007
4.83236e+010 2.25087e+010 -9.91489e+010 8927.86 -10253.7 19341.2 4e+027 9.84745e+007
2.75242e+009 -1.18466e+011 -7.42867e+010 -22341.2 -5005.81 14348.4 4e+027 9.84745e+007
-8.77981e+010 -3.48026e+010 6.87039e+010 -4456.63 16470.2 -14720.6 4e+027 9.84745e+007
1.02249e+011 9.49715e+010 3.37688e+010 14798.3 -21187.4 -6565.25 4e+027 9.84745e+007
8.58641e+010 2.9526e+010 1.12818e+010 14025.6 -20809.9 -4924.41 4e+027 9.84745e+007
4.07755e+010 1.10927e+011 1.70689e+010 23165.9 -7264.73 817.254 4e+027 9.84745e+007
-2.93301e+010 -4.3059e+010 2.32105e+010 -15616.7 6322.33 -10384.2 4e+027 9.84745e+007
-4.36573e+010 1.15085e+010 -5.56125e+010 -4178.62 6008.99 13101.6 4e+027 9.84745e+007
-4.67952e+010 -1.29486e+011 4.42071e+010 -26282.6 9504.93 -10649.3 4e+027 9.84745e+007
-6.92324e+010 5.68905e+010 7.5355e+010 11245.4 16373.2 -20721 4e+027 9.84745e+007
-1.10016e+011 -2.46504e+010 -2.31178e+010 -7433.75 25136.2 10242.5 4e+027 9.84745e+007
-1.15489e+010 -1.05514e+011 -5.48115e+010 -18681.8 6228.27 12688.7 4e+027 9.84745e+007
-9.16967e+010 -3.13026e+010 5.91109e+010 -3780.08 18617.7 -18294.2 4e+027 9.84745e+007
6.62504e+010 8.08101e+009 5.1606e+010 -2982.12 -15058 -8269.43 4e+027 9.84745e+007
-6.43885e+008 7.08669e+010 -8.36981e+010 12436.9 1798.34 23097.7 4e+027 9.84745e+007
8.52981e+009 -1.11022e+011 1.82147e+010 -21833.1 -118.725 -5123.5 4e+027 9.84745e+007
-4.7431e+010 1.28041e+011 9.87804e+009 24120.5 3383.28 971.745 4e+027 9.84745e+007
-5.27696e+010 9.34562e+009 -6.21636e+010 -4046.03 14132.7 22000.7 4e+027 9.84745e+007
-4.03539e+010 9.21293e+010 -4.86927e+010 13525.1 8176.32 7597.08 4e+027 9.84745e+007
-9.82573e+010 -9.30717e+009 -4.83415e+010 -2968.31 23591.9 11627.7 4e+027 9.84745e+007
8.76509e+010 6.33395e+010 4.81522e+010 14425.6 -12462.2 -10595.1 4e+027 9.84745e+007
8.68903e+010 2.75057e+010 9.2688e+009 -3249.33 -15320.5 -9430.66 4e+027 9.84745e+007
1.26154e+011 -9.71832e+009 -3.30736e+010 -4156.13 -24555.9 9317.79 4e+027 9.84745e+007
-3.61541e+010 -1.69719e+010 -6.02697e+010 -5466.82 12702.4 18326.5 4e+027 9.84745e+007
5.83012e+010 -9.97708e+010 1.44672e+010 -15732.5 -14044.4 -3207.37 4e+027 9.84745e+007
-8.71523e+010 8.5379e+010 3.46438e+010 16498.5 19018.7 -12480.2 4e+027 9.84745e+007
-9.99533e+010 -1.35154e+010 7.67228e+009 -1695.17 11947.5 -9480.77 4e+027 9.84745e+007
-1.06544e+011 2.05986e+010 3.15566e+009 4550.34 25316.5 5623.79 4e+027 9.84745e+007
1.80412e+010 3.60199e+010 -5.73793e+010 5394.23 76.2266 15625.2 4e+027 9.84745e+007
-7.34985e+010 5.49967e+010 1.59295e+010 8999.3 16347.5 -6322.31 4e+027 9.84745e+007
1.23945e+010 -1.03197e+011 -9.13747e+009 -13729.7 -1737.3 1345.46 4e+027 9.84745e+007
-1.42759e+011 -3.6562e+010 -3.59836e+009 -6156.24 28232 1216.03 4e+027 9.84745e+007
-1.00731e+011 -4.09386e+010 5.2255e+010 -7751.47 22794.6 -9683 4e+027 9.84745e+007
-4.82989e+010 -4.17128e+010 2.15939e+010 -17380 7074.8 -6934.6 4e+027 9.84745e+007
-1.08859e+011 -3.72605e+010 2.11977e+010 -4845.53 26819.1 -7542.81 4e+027 9.84745e+007
-3.03452e+010 -6.25997e+010 1.04444e+010 -14458.6 6364.04 75.4622 4e+027 9.84745e+007
-9.52135e+010 -6.43517e+009 3.43924e+009 7357.89 16572 -2416.2 4e+027 9.84745e+007
-7.12791e+010 3.21808e+010 7.52561e+010 2098.24 15791.6 -20433.2 4e+027 9.84745e+007
2.1694e+010 -1.16222e+011 -9.91455e+009 -20984.4 -561.166 6751.77 4e+027 9.84745e+007
8.46442e+010 1.85843e+010 7.7261e+009 -813.955 -12698.4 6078.45 4e+027 9.84745e+007
1.0087e+011 -4.68081e+010 6.58752e+010 -8902.99 -19269.1 -11907.6 4e+027 9.84745e+007
2.27387e+010 2.8174e+010 -5.69444e+010 -2552.98 -654.092 12419.3 4e+027 9.84745e+007
-5.13275e+010 -1.02556e+011 2.24498e+010 -18388.8 -1502.26 5664.51 4e+027 9.84745e+007
-9.93825e+010 4.76565e+010 -3.12413e+009 5045.36 22060.5 -1219.94 4e+027 9.84745e+007
5.00872e+010 1.01576e+011 2.25968e+010 20342.1 -7553.79 -4392.44 4e+027 9.84745e+007
-5.47043e+010 -1.08518e+011 2.04708e+010 -27870 6709.6 -5058.87 4e+027 9.84745e+007
-8.08271e+010 -9.20084e+010 2.09291e+010 -9667.15 17723 -6983.23 4e+027 9.84745e+007
-8.43534e+009 -1.92551e+010 -1.0948e+010 -7081.61 3002.38 5939.76 4e+027 9.84745e+007
1.4117e+011 -1.26872e+010 7.82297e+009 -3985.42 -30107.2 -4500.34 4e+027 9.84745e+007
-1.26632e+009 7.80238e+010 8.86503e+010 9804.09 -2218.4 -16764.7 4e+027 9.84745e+007
2.09652e+010 -5.64893e+010 3.7519e+010 -12623.8 -3033.36 -8951.22 4e+027 9.84745e+007
-6.25049e+010 1.09868e+011 2.02964e+010 8955.2 10387.3 -1139.77 4e+027 9.84745e+007
5.381e+010 2.24853e+010 6.5135e+010 4116.86 -8779.02 -32439.1 4e+027 9.84745e+007
-5.5624e+010 8.48113e+010 6.22536e+010 16611.1 4255.35 -16266.4 4e+027 9.84745e+007
-3.18073e+010 9.98584e+010 -4.80557e+010 27924.5 6966.86 10960.2 4e+027 9.84745e+007
8.21465e+010 -2.9518e+010 -7.69017e+010 -6016.49 -14594.3 17462.8 4e+027 9.84745e+007
-7.88262e+010 -3.4401e+010 5.49987e+010 -9882.43 13960.6 -14923 4e+027 9.84745e+007
-8.34456e+010 8.76743e+010 2.23593e+010 24480.4 9456.61 15258.5 4e+027 9.84745e+007
1.02657e+011 -9.32572e+010 2.93003e+010 -17640.2 -21288.3 -1519.89 4e+027 9.84745e+007
-7.4636e+010 5.53571e+010 -6.94505e+010 13396.5 15763.5 20652 4e+027 9.84745e+007
-1.69988e+010 -6.7341e+009 -6.76369e+010 -4071.2 408.391 13431 4e+027 9.84745e+007
-6.14047e+010 5.6975e+010 7.46789e+010 6095.05 10038.7 -16786.6 4e+027 9.84745e+007
9.08339e+010 6.58444e+010 5.15206e+010 10191.3 -23381.7 -18946.3 4e+027 9.84745e+007
2.4266e+010 -1.10855e+011 -1.25395e+010 -22368.4 -2897.16 27670.6 4e+027 9.84745e+007
8.30925e+010 8.08688e+010 -2.02739e+010 15148.9 -18183.8 8481.82 4e+027 9.84745e+007
1.03191e+011 1.94185e+010 8.54608e+009 -4219.15 -18826.7 -8334.96 4e+027 9.84745e+007
5.33456e+010 -1.0335e+011 1.54323e+010 -25477.1 -16749.2 -3594.59 4e+027 9.84745e+007
-9.12887e+010 4.50771e+010 3.50391e+009 8141.29 19459.4 3915.81 4e+027 9.84745e+007
1.19716e+011 9.38585e+009 -5.3776e+009 2725.57 -21775.5 -3232.87 4e+027 9.84745e+007
-9.44955e+010 -1.09215e+011 1.75943e+010 -21046.3 22690 2809.62 4e+027 9.84745e+007
-1.06104e+011 6.01586e+010 -2.37197e+010 13814.9 24551.1 2252.04 4e+027 9.84745e+007
7.22683e+009 -1.68943e+010 3.03221e+010 -12832.9 3510.64 -2152.16 4e+027 9.84745e+007
-7.31687e+010 -2.10759e+009 7.34612e+010 -3362.31 15095.2 -17650 4e+027 9.84745e+007
-8.54629e+010 -9.47783e+008 -8.1367e+010 -5301.66 20251.7 14114.1 4e+027 9.84745e+007
5.90877e+010 -1.36141e+011 7.24797e+009 -27706 -14031.4 -659.143 4e+027 9.84745e+007
1.31608e+011 -1.19159e+010 8.46706e+009 -156.522 -19026.4 -4121.53 4e+027 9.84745e+007
-5.54012e+010 -1.31312e+011 -3.64923e+010 -25182.6 6448.62 7578.44 4e+027 9.84745e+007
1.55175e+008 5.92575e+009 7.88947e+010 -4509.19 8847.48 -30951.7 4e+027 9.84745e+007
2.08063e+010 6.1324e+010 -8.90908e+010 7998.5 -2846.61 20286.9 4e+027 9.84745e+007
2.99725e+010 -6.20046e+010 -8.76454e+010 -13416.5 -4041.53 15466.1 4e+027 9.84745e+007
2.21173e+010 3.53734e+010 1.90871e+010 7269.57 -8381.64 -2194.62 4e+027 9.84745e+007
1.11193e+011 5.58419e+010 -5.35615e+010 12243.8 -20757.7 14856.3 4e+027 9.84745e+007
-3.62299e+010 -3.6128e+010 8.07689e+010 -5557.07 9246.72 -17326.4 4e+027 9.84745e+007
6.1617e+010 -2.27179e+010 -3.52901e+010 -7120.44 -4505.08 9185.1 4e+027 9.84745e+007
4.3902e+009 1.24295e+010 8.07061e+010 14896.2 -6921.89 -22788.8 4e+027 9.84745e+007
3.49594e+010 -7.46676e+010 -3.3388e+010 -13461.6 -5866.92 13952.9 4e+027 9.84745e+007
3.34209e+010 4.65894e+010 -2.27198e+010 4444.36 -13086.4 7037.63 4e+027 9.84745e+007
3.45263e+008 1.27126e+010 7.79805e+010 -9984.28 17814.3 -13642.7 4e+027 9.84745e+007
-3.22322e+010 3.78795e+010 1.42638e+009 -3213.72 2579.03 3546.6 4e+027 9.84745e+007
-1.09559e+011 4.55875e+010 -2.98437e+010 5144.67 30125.8 7384.16 4e+027 9.84745e+007

FPS: 7.69231
Years: 0.214123
drx, dry, drz = 1.12, 0.81, 0.03
xrot, yrot, zrot = -86, 0, -128
0speed: 2
viewangle: 45
454
-2.72789e+010 1.18092e+010 1.71093e+010 3468.78 18214 40403 4e+027 9.84745e+007
-3.7073e+010 -8.02881e+010 2.08013e+010 -9362.14 4634.19 14102.3 4e+027 9.84745e+007
-1.05862e+011 -5.02622e+010 1.39335e+010 -7878.7 7327.94 1848.19 4e+027 9.84745e+007
-1.06275e+010 7.75732e+010 8.7042e+009 3895.37 7382.23 -15757.7 4e+027 9.84745e+007
2.72578e+010 2.17132e+010 -8.95019e+009 8268.46 6900.83 -27219.4 4e+027 9.84745e+007
3.15702e+010 -2.39879e+010 1.17607e+010 -5599.12 10525.9 5416.75 4e+027 9.84745e+007
-1.80891e+010 1.02997e+011 2.70663e+010 37218.7 1555.1 11868.8 4e+027 9.84745e+007
-7.03447e+010 -7.55016e+010 4.22729e+009 -4964.3 14922.7 25169.4 4e+027 9.84745e+007
4.3012e+010 -7.46327e+010 8.286e+008 -23805.3 4192.73 11360.4 4e+027 9.84745e+007
-6.3145e+010 4.48327e+010 -3.26388e+009 14980.6 25902.7 756.835 4e+027 9.84745e+007
-7.56298e+010 4.91687e+010 -8.9369e+009 10856.3 27839.5 2654.66 4e+027 9.84745e+007
3.59873e+009 -8.22086e+010 1.85758e+009 -16613.4 7068.68 -31152.3 4e+027 9.84745e+007
-1.15915e+011 -5.79977e+010 2.38776e+010 -4309.2 33078.3 -7616.53 4e+027 9.84745e+007
4.43604e+010 -9.62595e+009 1.80749e+009 -19104.3 -24760.6 16298.3 8e+027 1.2407e+008
-1.74661e+010 7.7825e+010 -1.15388e+010 -2479.72 -26047 1904.73 1.2e+028 1.42025e+008
2.58415e+010 -7.11095e+009 9.71503e+009 16053.3 19546.8 14402.2 4e+027 9.84745e+007
2.61858e+010 -2.76013e+010 -2.17949e+010 -18712 -5326.17 -23676.7 4e+027 9.84745e+007
-1.56967e+010 1.02492e+011 3.63809e+008 18784.8 3697.3 16679.4 4e+027 9.84745e+007
-3.43438e+009 -8.30496e+010 1.91307e+010 -18447.1 6473.36 20767.3 4e+027 9.84745e+007
-6.21676e+010 -9.9311e+010 -1.41435e+010 -25638.8 30504.6 -1645.64 4e+027 9.84745e+007
3.3225e+010 -2.80091e+010 9.16197e+009 -19062.3 29933.5 19147.5 4e+027 9.84745e+007
-2.08213e+010 8.32674e+010 2.03093e+010 12233.7 -17402.6 -5177.31 4e+027 9.84745e+007
-6.93134e+010 4.4279e+010 2.0647e+010 10314.2 29556.2 2701.85 8e+027 1.2407e+008
3.83571e+010 -2.8807e+010 9.21812e+009 -14003.6 13025.3 3595.99 8e+027 1.2407e+008
3.53355e+010 1.04902e+010 -3.99926e+009 -8474.04 3827.96 -33506.8 8e+027 1.2407e+008
-3.12448e+010 5.91993e+010 -1.05664e+010 16659.1 20019 -6878.35 4e+027 9.84745e+007
-3.02458e+010 2.42206e+010 2.73681e+010 -2293.58 21185.6 36723.6 4e+027 9.84745e+007
-3.07265e+010 5.03573e+010 9.62967e+009 -20715.9 15195 6268.52 4e+027 9.84745e+007
2.5422e+010 1.96571e+010 1.96136e+010 -3427.19 -7711.95 33929.8 4e+027 9.84745e+007
6.98289e+010 8.81781e+010 3.77108e+009 14948.3 -23404.7 18492.4 4e+027 9.84745e+007
1.57814e+010 1.79723e+010 -1.52556e+010 -9550.81 6134.08 -8374.21 4e+027 9.84745e+007
3.18904e+010 -2.05168e+010 -4.03381e+009 -27245.2 28001.5 -10309.3 4e+027 9.84745e+007
8.94544e+010 -3.0092e+010 -2.31939e+009 -20770.7 -13350.2 -10505 8e+027 1.2407e+008
-2.50596e+010 4.23124e+010 -1.54093e+010 -8423.06 12838.4 275.881 4e+027 9.84745e+007
-1.19876e+011 -2.34234e+010 -5.40127e+008 8061.24 24170.2 -5748.44 4e+027 9.84745e+007
-6.33207e+010 -1.93581e+010 -9.20923e+009 -6059.43 12337.1 -29996.1 4e+027 9.84745e+007
-7.96639e+010 -4.54782e+010 2.79815e+010 -12134.9 17801.4 4618.7 4e+027 9.84745e+007
8.02676e+009 1.00126e+011 8.70199e+009 30328.9 -23107.4 -1007.97 4e+027 9.84745e+007
1.54995e+010 -2.10744e+010 -1.49282e+010 -5264.86 21609 -30375.2 4e+027 9.84745e+007
3.02801e+010 -3.06809e+010 1.75252e+010 -17944.2 6556.85 16761.1 4e+027 9.84745e+007
-2.78949e+010 7.72376e+010 -1.8473e+010 513.1 -879.973 -12776.6 4e+027 9.84745e+007
1.11119e+011 1.79848e+010 -4.35278e+009 -2284.27 -20874.1 -4145.24 4e+027 9.84745e+007
-1.03778e+010 1.01099e+011 2.02912e+010 39907 -17744.8 12874.4 4e+027 9.84745e+007
1.72004e+010 1.72312e+010 8.72491e+009 2592.28 -11092 45446.2 4e+027 9.84745e+007
2.53453e+010 2.02944e+010 1.78943e+010 7639.4 -15638.1 6363.36 4e+027 9.84745e+007
1.15519e+011 -1.37435e+010 7.87289e+009 -15085.2 -25510 16531.3 8e+027 1.2407e+008
4.03166e+010 -3.10663e+010 -8.77412e+009 -22698.5 -8044.93 -16585.9 4e+027 9.84745e+007
2.03749e+009 6.43432e+010 1.70653e+010 -866.218 -18726.4 18778.1 4e+027 9.84745e+007
1.00542e+011 2.91456e+010 -5.56243e+009 7234.27 -26267.3 -33308.3 4e+027 9.84745e+007
2.82108e+010 2.6383e+010 1.74883e+010 685.64 -11401.4 25443.1 4e+027 9.84745e+007
-3.43806e+010 5.33141e+010 1.88371e+009 36056.4 -1647.99 4615.82 4e+027 9.84745e+007
-1.84262e+010 -7.8408e+010 1.36306e+010 -28434 8645.84 25118.2 4e+027 9.84745e+007
-2.55946e+010 1.24369e+011 1.44619e+010 52863.2 7482.55 8064.23 4e+027 9.84745e+007
-4.31025e+010 5.39495e+010 3.66657e+010 14022.5 16296.5 32080.8 4e+027 9.84745e+007
-1.54512e+010 7.34318e+010 3.27798e+009 18674.8 -16138.5 6335.37 8e+027 1.2407e+008
2.73666e+010 4.63726e+009 1.13738e+010 9392.47 9009.82 -15209.1 4e+027 9.84745e+007
8.67853e+010 -7.20863e+010 1.18086e+010 -21396.5 -11244.9 -7537.29 4e+027 9.84745e+007
3.99717e+010 -3.46893e+010 -1.50651e+010 -4948.98 -22359.9 -18110.8 4e+027 9.84745e+007
1.09462e+011 -1.32035e+010 1.37898e+010 -4220.7 -18246.6 27734.1 4e+027 9.84745e+007
-2.1515e+010 7.33029e+010 -1.93904e+010 -5546.34 -1348.14 -31646.9 4e+027 9.84745e+007
-1.04306e+011 -5.34866e+010 1.02234e+010 -18684.3 15690.2 -7148.38 4e+027 9.84745e+007
9.3959e+009 -1.04304e+011 2.70673e+008 -25342.2 2566.25 22942.4 4e+027 9.84745e+007
3.4766e+010 -2.07057e+010 -1.86041e+010 -25456.2 9114.06 -30243.3 8e+027 1.2407e+008
8.46219e+009 6.49551e+010 1.95415e+010 -10881.8 -15193.5 26661.5 4e+027 9.84745e+007
5.31462e+010 -3.66431e+010 3.59354e+009 -31615.9 -10125.7 -9900.36 4e+027 9.84745e+007
-3.04375e+010 -8.50084e+010 1.08051e+010 -28912.1 6547.4 13975.3 8e+027 1.2407e+008
3.17954e+010 5.60867e+009 2.92547e+010 -15681.6 -19410.6 26829.6 4e+027 9.84745e+007
-1.57275e+011 -2.2066e+010 1.03646e+010 933.459 28780.8 14068.2 4e+027 9.84745e+007
-7.35947e+010 8.75656e+010 -5.42278e+009 28337.4 3430.15 -20060.6 4e+027 9.84745e+007
8.50969e+010 -7.78779e+010 1.46161e+009 -32901.7 -14117.5 -8161.23 4e+027 9.84745e+007
-3.02944e+010 4.24698e+010 4.84889e+009 -1692.43 -1872.98 -5069.97 8e+027 1.2407e+008
-1.1406e+011 -1.59921e+010 1.32036e+010 -9952.25 17860.8 -4784.8 4e+027 9.84745e+007
-7.21611e+010 5.11839e+010 8.82925e+009 9163.69 42709.2 -4903.36 4e+027 9.84745e+007
-2.59681e+010 -4.4444e+010 3.48325e+009 -14631.3 14609 3434.5 4e+027 9.84745e+007
2.71841e+010 4.23013e+010 -2.80361e+010 8990.21 -121.53 -26161.3 4e+027 9.84745e+007
-4.62489e+010 -7.30334e+010 -9.76684e+009 -19299.9 3096.91 -13651.1 4e+027 9.84745e+007
3.90622e+010 -4.81181e+010 -1.55134e+010 -23479.1 -15645 -23136.5 4e+027 9.84745e+007
1.8116e+010 -1.24963e+010 -1.60416e+010 -13815.5 -19238.4 -18195.1 4e+027 9.84745e+007
-7.12413e+009 9.29344e+010 1.81774e+010 26141.1 -15444 -1957.79 4e+027 9.84745e+007
5.10924e+009 9.5008e+010 1.81095e+010 19205.1 -13531.1 -4831.73 4e+027 9.84745e+007
3.80809e+010 2.45334e+010 -3.73751e+009 -774.117 -25135.2 -15312 4e+027 9.84745e+007
-3.24851e+010 7.07946e+010 2.57329e+010 24468.7 2600.28 31625.5 4e+027 9.84745e+007
-1.13758e+011 -3.19473e+010 -1.42489e+010 -2012.79 28784.5 -12067.8 4e+027 9.84745e+007
-3.06207e+010 -8.69544e+010 9.24906e+009 -11080.4 22136.7 4036.56 4e+027 9.84745e+007
-4.64104e+010 6.32125e+010 1.4815e+010 25271.2 655.406 39225.2 4e+027 9.84745e+007
2.8e+010 9.1742e+009 -1.98818e+010 944.02 971.448 -8458.48 8e+027 1.2407e+008
8.65799e+010 -1.83765e+010 -7.4621e+008 -15846.3 -22792.5 -13825.5 4e+027 9.84745e+007
1.07825e+011 -1.0866e+009 1.30473e+010 -9181.42 -42380.7 10649.8 4e+027 9.84745e+007
-5.19095e+010 5.50876e+010 1.75932e+009 12754 26528.5 11080.9 4e+027 9.84745e+007
-5.62041e+010 5.1785e+010 2.80657e+010 14246.7 8079.64 26962.8 4e+027 9.84745e+007
1.05587e+011 1.83397e+009 5.9404e+009 -13390.1 -27846.7 -10013.7 4e+027 9.84745e+007
1.4001e+011 3.69837e+010 1.09566e+010 6607.44 -33013.1 -9916.18 4e+027 9.84745e+007
9.61114e+010 -3.07403e+010 -4.27041e+009 -22070.3 -26684 -14845.8 4e+027 9.84745e+007
-2.56856e+010 4.14157e+010 -6.59155e+009 -13100 17477.5 -15601.7 4e+027 9.84745e+007
-1.85961e+010 8.17795e+010 -1.56702e+010 28872.1 -34495.7 -15014.4 4e+027 9.84745e+007
-1.67519e+010 7.63303e+010 -8.31868e+009 25504.5 24162.2 -13746.3 4e+027 9.84745e+007
-5.10999e+010 -1.08649e+011 1.33594e+010 -17468.3 10432 11031.1 4e+027 9.84745e+007
-1.25951e+011 -2.57006e+009 1.3483e+010 6023.1 28238.7 -11446.1 4e+027 9.84745e+007
1.86979e+010 2.01087e+010 -3.2605e+010 13077.2 -3398.87 -27702 1.6e+028 1.56319e+008
5.82774e+010 2.36088e+010 8.37249e+009 -10506.6 -30031.2 14277.6 4e+027 9.84745e+007
-4.6561e+010 -3.02903e+010 1.46072e+010 -9856.66 15263.4 5888.88 4e+027 9.84745e+007
1.43459e+010 7.91554e+010 -1.3581e+010 17636 -31906.1 -23334.6 4e+027 9.84745e+007
-7.60334e+010 1.07436e+011 8.1957e+009 39601.7 17870.9 -5488.98 4e+027 9.84745e+007
-3.7345e+010 4.71967e+010 -1.29776e+010 -4447.54 30615.8 -15970.2 4e+027 9.84745e+007
-8.71056e+010 3.98048e+010 4.89561e+009 -8451.12 34182.7 -8123.34 4e+027 9.84745e+007
4.49163e+010 -3.84341e+010 -2.7418e+010 -14864.5 -8845.03 -16124.4 4e+027 9.84745e+007
-8.47687e+010 2.59478e+010 -1.41202e+009 6434.14 27910 39127.9 4e+027 9.84745e+007
-2.61875e+010 5.0021e+010 -4.76884e+009 1278.21 17836.9 11160.3 4e+027 9.84745e+007
-7.63972e+010 -2.79973e+010 2.29995e+009 -3791.61 16011.3 -30093.1 4e+027 9.84745e+007
3.56719e+010 3.77885e+009 -2.44432e+010 -3785.87 -9369.63 -24718.9 8e+027 1.2407e+008
4.29722e+010 5.21563e+010 1.76835e+010 10878.9 -17200.4 21241.5 4e+027 9.84745e+007
3.56518e+010 8.30314e+009 1.76215e+010 -12676.4 -12776.2 32673.4 4e+027 9.84745e+007
2.65702e+010 4.43615e+009 2.20933e+010 -17855.7 -21773.8 34090.7 4e+027 9.84745e+007
3.00245e+010 -1.87792e+010 1.63081e+010 -3724.84 14976.6 21303.5 4e+027 9.84745e+007
7.17927e+009 7.41356e+010 -3.60075e+009 2055 -26987 -1067.51 8e+027 1.2407e+008
9.67369e+010 8.96292e+010 2.26486e+009 17100.5 -21489.3 13261.7 4e+027 9.84745e+007
-3.10308e+010 1.57274e+010 1.65139e+010 6187.68 34234 31914.2 8e+027 1.2407e+008
-7.67504e+010 -6.74474e+010 -7.69297e+009 -27984.5 -1423.75 -16586.9 4e+027 9.84745e+007
-2.85641e+009 -1.54518e+011 1.44879e+009 -27784.9 -2578.61 10458.2 4e+027 9.84745e+007
-5.32727e+010 -1.02734e+011 1.42797e+009 -24248 14560.4 1886.89 8e+027 1.2407e+008
8.59295e+010 -1.70378e+010 7.40736e+009 -8168.65 -13067.4 37480.4 4e+027 9.84745e+007
2.66145e+010 -7.11685e+009 -1.964e+010 -12950.7 7317.67 -28425.9 1.2e+028 1.42025e+008
-2.35712e+010 -2.83378e+008 1.5733e+010 -6608.3 16378.7 24879.2 4e+027 9.84745e+007
4.55492e+010 -3.41212e+010 1.97432e+010 -10317.2 8089.06 6683.58 4e+027 9.84745e+007
-1.80912e+010 1.00102e+010 1.13267e+010 -13617.1 29335.6 23689.1 4e+027 9.84745e+007
-4.96795e+010 5.93473e+010 2.70659e+010 1508.35 29566 30692.5 4e+027 9.84745e+007
-3.20063e+010 5.53547e+010 1.15472e+010 -24314.4 1539.47 3196.5 4e+027 9.84745e+007
-3.29292e+010 7.93634e+010 -2.6078e+010 27434.1 5613.1 -18654.8 4e+027 9.84745e+007
1.33454e+011 3.32543e+010 1.53743e+010 854.384 -26528.3 3747.93 4e+027 9.84745e+007
-6.77365e+010 8.34148e+010 -1.35936e+010 23676.5 10673.8 -32223.8 8e+027 1.2407e+008
4.16567e+010 -6.63966e+009 1.35575e+010 -34309.5 -19899 28708.2 4e+027 9.84745e+007
7.71456e+010 -5.08916e+010 2.02463e+010 -17498.9 -426.281 21360.2 4e+027 9.84745e+007
-2.04757e+010 1.103e+011 3.5485e+010 41646.5 -1516.71 9498.3 4e+027 9.84745e+007
-2.94177e+010 7.23007e+010 2.98498e+009 43638.7 13431.6 -10659.9 4e+027 9.84745e+007
-9.67084e+009 9.97299e+010 2.87574e+010 20237.2 -4767.43 16641.8 4e+027 9.84745e+007
-2.33205e+010 1.12229e+011 -1.81533e+010 23562.9 -16365.3 -5329.65 4e+027 9.84745e+007
-7.29732e+010 -7.76954e+010 4.71889e+009 -15165.8 25601.4 24645.3 4e+027 9.84745e+007
1.23281e+011 1.87274e+010 -1.1276e+010 -1994.12 -30588.6 -7163.13 8e+027 1.2407e+008
8.87483e+008 -8.1873e+010 1.50573e+010 -20625 3204.67 -28743.2 4e+027 9.84745e+007
-7.38989e+010 4.16078e+010 2.31492e+010 1416.23 21805.5 2021.75 8e+027 1.2407e+008
-2.05435e+010 4.39721e+010 -5.86671e+009 -4546.6 6513.21 12525.7 4e+027 9.84745e+007
6.37687e+009 -7.6622e+010 8.21858e+009 -23637.7 2554.57 -2115.51 4e+027 9.84745e+007
8.91193e+010 -7.91992e+010 2.30483e+009 -32763.8 -17762.4 -522.546 4e+027 9.84745e+007
-4.79739e+010 5.13523e+010 2.84879e+010 10170.5 13706.6 15375.6 4e+027 9.84745e+007
1.02267e+011 9.5234e+010 4.02061e+009 16583.9 -23631.7 -8427.41 1.2e+028 1.42025e+008
2.70239e+010 2.909e+009 1.05991e+010 -42513.7 -29459.7 14550.4 4e+027 9.84745e+007
-1.11451e+011 -1.93003e+010 1.02501e+010 11585.2 21155.1 -344.497 4e+027 9.84745e+007
-1.04452e+010 5.69876e+010 -3.01364e+010 -4621.91 570.03 -25936.1 4e+027 9.84745e+007
1.30506e+009 -2.20158e+010 -4.49063e+009 -6445.68 19441.3 -21934.1 4e+027 9.84745e+007
7.55167e+010 -2.44439e+010 -1.3832e+010 -17106.7 -28884.3 -16035.4 4e+027 9.84745e+007
1.00402e+011 3.42556e+009 2.12158e+010 -11093.9 -23088.1 15991.4 4e+027 9.84745e+007
2.93293e+010 -1.46205e+010 -1.96837e+010 3323.54 -10814.9 -13312.6 8e+027 1.2407e+008
-3.12002e+010 4.31822e+010 -4.89352e+008 6040.03 -9737.02 -8460.53 4e+027 9.84745e+007
3.32385e+010 1.46371e+010 1.93685e+010 3919.21 -20867.4 22729.5 4e+027 9.84745e+007
-7.30395e+009 2.78458e+010 7.46134e+009 3922.31 28689.9 -10287.4 4e+027 9.84745e+007
-3.12414e+010 9.48831e+010 8.02834e+008 5693.13 7169.32 -9040.53 1.6e+028 1.56319e+008
-5.59342e+009 6.70038e+010 -2.17012e+010 -6510.4 -7287.33 -38804.8 4e+027 9.84745e+007
8.575e+010 -7.12394e+010 9.57056e+008 -23274.4 5739.11 9729.54 8e+027 1.2407e+008
-6.11002e+010 1.22707e+011 -5.57435e+009 27456.2 16007.3 -2973.43 4e+027 9.84745e+007
3.34164e+010 3.40202e+010 -9.07039e+009 -10300.9 -8557.41 -480.496 4e+027 9.84745e+007
-1.13198e+010 9.85881e+010 3.49689e+010 27142.6 13714 9724.78 8e+027 1.2407e+008
-1.51237e+010 7.32789e+010 -7.01946e+009 9113.5 -34256.2 -6758.11 4e+027 9.84745e+007
-1.32471e+011 -6.1645e+010 -9.08747e+009 -21391.8 18679.6 -9016.8 4e+027 9.84745e+007
-2.75154e+010 3.26293e+010 1.11673e+010 -9659.71 24431.9 -21166.9 4e+027 9.84745e+007
1.98527e+008 7.89736e+010 9.91507e+009 22585.7 -32095.9 -4134.67 8e+027 1.2407e+008
1.24644e+011 1.13783e+010 -2.62972e+009 -6857.08 -29603.3 -7364.49 4e+027 9.84745e+007
-4.5761e+010 6.87002e+010 3.24461e+009 33577 30454.5 3576.4 4e+027 9.84745e+007
-3.18019e+009 3.76424e+010 -1.82371e+010 6978.42 -3839.98 -1314.74 8e+027 1.2407e+008
8.77353e+010 7.16503e+010 2.53079e+009 7115.95 -21994 8869.53 4e+027 9.84745e+007
-6.35681e+010 4.80101e+010 -2.60275e+009 41323 28275 -32464 4e+027 9.84745e+007
7.90331e+010 8.61756e+010 -6.07646e+009 15477.8 -24367.8 19829.5 4e+027 9.84745e+007
1.76341e+010 1.18044e+010 -3.1403e+010 5309.19 10997.9 -24459.4 4e+027 9.84745e+007
-1.62202e+010 9.57553e+010 1.75371e+010 22353.3 12917 -1864.95 4e+027 9.84745e+007
2.58667e+010 2.40535e+010 -1.40923e+010 14063 5520.35 -34496.5 4e+027 9.84745e+007
-9.51165e+009 8.32783e+010 1.39049e+009 22019.4 -32397.9 1830.95 4e+027 9.84745e+007
-1.76573e+010 1.01412e+011 2.21213e+010 49026.1 -13529.9 -443.501 4e+027 9.84745e+007
-8.66362e+010 -7.91266e+010 -1.91139e+009 -12132.2 15873.7 -19122.3 4e+027 9.84745e+007
-2.91853e+009 -5.7671e+010 4.40147e+009 -9592.03 7153.06 -34399.2 4e+027 9.84745e+007
3.33848e+010 7.05227e+010 -5.88429e+009 4599.96 -24942.3 3925.87 4e+027 9.84745e+007
-1.655e+010 7.26364e+010 3.58592e+008 23577.3 -8310.46 -2508.11 4e+027 9.84745e+007
-2.14178e+010 8.08349e+010 -2.10008e+010 -7631.56 216.005 -24280.3 4e+027 9.84745e+007
-2.01695e+009 9.22729e+010 1.75496e+010 31770.1 5388.3 9336.6 4e+027 9.84745e+007
-8.80675e+010 -7.62976e+010 1.41332e+009 -17707.5 20394.6 -21995.3 8e+027 1.2407e+008
4.5614e+010 -3.69078e+010 -5.8609e+008 -36453.1 -2281.4 8155.34 4e+027 9.84745e+007
-7.06551e+010 -2.68755e+010 -2.88787e+009 -963.368 13938.3 -31713.8 4e+027 9.84745e+007
9.2301e+010 -3.51628e+010 -6.76155e+009 -32908.9 -21040.6 -10540.4 4e+027 9.84745e+007
-7.24812e+009 1.04486e+011 -1.24011e+010 28536 -24666.1 539.662 4e+027 9.84745e+007
4.86717e+009 1.0151e+011 -1.3638e+010 29836.3 -25553.8 -8079.85 4e+027 9.84745e+007
3.48533e+010 -1.08655e+009 1.50233e+010 1451.41 31681.3 10271.6 4e+027 9.84745e+007
3.15742e+010 -1.48026e+010 2.46321e+010 -14821.8 7959.91 25558.9 4e+027 9.84745e+007
-2.63802e+010 4.92612e+010 8.00038e+009 -13100.6 -8020.28 1071.12 4e+027 9.84745e+007
-2.17361e+010 1.42038e+010 2.53296e+010 8988.46 15687.9 43214.6 4e+027 9.84745e+007
-1.1517e+010 8.22307e+010 2.30726e+010 15839.3 -19187 5079.19 4e+027 9.84745e+007
3.1061e+009 -1.31555e+011 6.13903e+009 -24299.5 952.451 -12451.2 8e+027 1.2407e+008
-1.1347e+011 -5.36531e+010 1.46385e+010 -6614.87 33544.6 -7112.06 4e+027 9.84745e+007
-3.67316e+010 7.02621e+010 -2.62137e+010 14833.4 10933.6 -41738.1 4e+027 9.84745e+007
3.44994e+010 1.67094e+010 2.36858e+010 -12513.3 -32318.2 26999.9 8e+027 1.2407e+008
7.20417e+010 -6.80205e+010 -2.53824e+009 -15680.3 -3280.04 -24634.9 4e+027 9.84745e+007
2.89e+010 5.83819e+009 1.77982e+010 10859.7 21862.1 9039.66 4e+027 9.84745e+007
1.57822e+010 5.95655e+010 2.21047e+010 6268.43 -18550.8 33818.2 8e+027 1.2407e+008
1.8036e+010 4.71757e+010 -1.04697e+010 -3698.84 -16672.7 -38942.1 4e+027 9.84745e+007
-6.15763e+010 6.09344e+010 2.31308e+010 21734.3 8743.92 41458.9 4e+027 9.84745e+007
-5.7619e+010 -1.13321e+011 4.39582e+009 -25922.3 13365 12721.1 4e+027 9.84745e+007
-8.3884e+010 -1.15486e+011 4.34667e+009 -22723.2 15277.4 -21602 4e+027 9.84745e+007
-1.19849e+011 -1.24459e+010 1.37758e+010 -3842 28409.9 -7708.21 4e+027 9.84745e+007
1.69499e+010 6.27913e+010 2.76384e+010 3897.57 -11945.4 13149.1 4e+027 9.84745e+007
-2.96945e+010 5.62243e+010 1.663e+010 25784.2 9756.63 9125.51 4e+027 9.84745e+007
-7.33824e+010 -8.92651e+010 1.77194e+010 -10912.4 18829.9 20044.1 4e+027 9.84745e+007
-1.29449e+010 8.09008e+010 -6.353e+009 13728.2 21373.3 -495.462 4e+027 9.84745e+007
1.02347e+011 7.74117e+009 9.8261e+009 1826.48 -29800.8 -17152.1 4e+027 9.84745e+007
-6.41494e+010 5.17715e+010 2.47917e+009 32017.3 27802.8 -10321.8 4e+027 9.84745e+007
-5.25078e+010 7.22203e+010 2.40654e+010 29049.8 16055.7 38982.8 4e+027 9.84745e+007
2.42892e+010 7.69056e+010 5.83604e+009 1067.35 -28070 1869.87 4e+027 9.84745e+007
-1.24445e+011 -8.19495e+010 4.74372e+009 -11790.2 23688.8 15965.6 4e+027 9.84745e+007
-7.69969e+010 -4.78002e+010 2.27656e+010 -16877 10441.8 1446.93 4e+027 9.84745e+007
-6.62908e+010 5.61861e+010 -1.00253e+010 9630.48 39732 7818.44 4e+027 9.84745e+007
-5.99227e+009 4.41791e+009 1.22312e+010 -1494.58 24291.3 15922.9 4e+027 9.84745e+007
3.75014e+010 -1.34444e+010 2.10331e+010 -585.794 12759.1 11568.8 4e+027 9.84745e+007
-3.70373e+010 5.26279e+010 1.30827e+009 8684.44 17984.8 14179 8e+027 1.2407e+008
-9.91323e+010 -1.02507e+011 1.21063e+010 -20272.2 21877.8 -15107.7 4e+027 9.84745e+007
1.21801e+010 4.97047e+010 1.60601e+010 1317.28 2311.78 22458.8 4e+027 9.84745e+007
-3.41586e+010 4.74731e+010 -1.48541e+010 2931.94 20680.4 -6254.32 4e+027 9.84745e+007
1.26828e+011 7.21994e+010 4.88323e+008 10909.5 -27089.2 -8969.62 4e+027 9.84745e+007
-3.04891e+010 1.13025e+011 -1.47017e+009 49629.5 -4672.28 -2070.53 4e+027 9.84745e+007
3.04083e+010 -1.21465e+010 2.64872e+010 8250.33 14964.6 31760.9 4e+027 9.84745e+007
2.97198e+010 1.89154e+010 -2.9845e+009 20781.3 17395 -7698.78 4e+027 9.84745e+007
1.05749e+011 4.18721e+009 1.13574e+010 5264.7 -20972.1 6785.44 8e+027 1.2407e+008
9.78804e+010 1.0907e+011 -2.14014e+009 22843.9 -19319.8 -8574.63 4e+027 9.84745e+007
3.17759e+010 2.7965e+009 6.96707e+009 -9753.97 -33028.9 11563.3 4e+027 9.84745e+007
4.06059e+009 -1.47714e+011 1.36952e+010 -26413.9 825.882 -13808.4 4e+027 9.84745e+007
1.11756e+011 8.97508e+010 -1.0802e+010 10525.7 -21024.4 -9334.95 4e+027 9.84745e+007
2.69727e+010 -2.39428e+010 -2.55424e+010 -31651.5 9811.71 -19244.7 4e+027 9.84745e+007
-5.33781e+010 -7.88263e+010 1.38841e+010 -13545.6 5893.33 14598.2 4e+027 9.84745e+007
2.37175e+010 -5.273e+009 -1.66744e+010 -20557.3 -13135.6 -9307.03 4e+027 9.84745e+007
1.11641e+011 -9.96514e+009 8.00822e+008 -20240.1 -27269.9 17663.8 4e+027 9.84745e+007
-7.3837e+010 -1.14864e+010 2.22141e+010 -2440.45 20491.2 21016.8 4e+027 9.84745e+007
1.28932e+010 5.54816e+010 2.8823e+010 -2568.12 -4318.6 22493.1 4e+027 9.84745e+007
-5.60403e+010 6.95518e+010 2.17682e+010 24781.2 3278.57 31954.8 4e+027 9.84745e+007
2.38247e+010 -6.30142e+009 7.9997e+009 -13885.2 4536.86 19796.2 4e+027 9.84745e+007
-4.4243e+009 7.58769e+010 -1.01446e+010 31139.1 -5267.65 3774.11 4e+027 9.84745e+007
-1.37427e+011 -2.61524e+010 1.63056e+010 3335.83 24537.2 13557.7 8e+027 1.2407e+008
-7.36013e+010 5.54442e+010 -7.14145e+009 15385.3 33567.4 14336.9 4e+027 9.84745e+007
8.50128e+010 -7.00493e+010 1.9967e+009 -28443 -21818.9 -10212.4 4e+027 9.84745e+007
3.01415e+010 -1.13945e+011 1.12212e+010 -25667.8 -1025.74 -19045.9 4e+027 9.84745e+007
-3.32099e+010 4.90592e+010 6.35042e+009 889.885 -3001.73 1766.81 4e+027 9.84745e+007
5.02677e+010 2.02568e+010 -1.57455e+010 -10159.5 -29749 -9722.75 4e+027 9.84745e+007
-1.59825e+010 8.34766e+010 2.18404e+010 17785.7 -7068.38 -584.568 8e+027 1.2407e+008
-1.12705e+011 -2.69743e+010 -1.54494e+010 -14975 15868.3 -29478.7 4e+027 9.84745e+007
-7.84714e+010 -6.7954e+010 -7.60175e+009 -6125.33 16774.2 -21475 8e+027 1.2407e+008
6.92398e+010 -2.47453e+010 1.44071e+010 -11734.5 -12782.7 -10491.8 4e+027 9.84745e+007
5.41784e+010 -1.69012e+010 1.41196e+010 -4133.68 8003.33 -214.835 4e+027 9.84745e+007
3.24699e+010 -3.33854e+010 1.96068e+010 -11346.1 25836.1 21319.9 4e+027 9.84745e+007
4.93976e+010 -2.35384e+010 1.37814e+010 -15700.8 -22328.3 6084.19 4e+027 9.84745e+007
8.97532e+009 1.05387e+011 -1.87733e+010 39162.8 -22309 -10657.2 4e+027 9.84745e+007
-9.55168e+010 -6.47796e+010 1.03505e+010 -10289.4 16333.3 -3795.63 4e+027 9.84745e+007
-1.60355e+011 -1.6736e+010 1.74878e+010 -5067.4 28882.1 7942.73 4e+027 9.84745e+007
2.76526e+010 -1.00997e+011 8.69835e+009 -17629.8 -716.475 -13674.8 4e+027 9.84745e+007
-8.73333e+010 4.92044e+010 -7.43148e+009 3514.52 46116.4 -5354.5 4e+027 9.84745e+007
-3.60764e+010 8.80422e+010 -2.06583e+010 29000 10793.3 -30920.2 4e+027 9.84745e+007
9.26114e+008 9.27927e+010 -1.24748e+010 24170.8 -34639.2 -21810.5 4e+027 9.84745e+007
2.79579e+010 3.18282e+010 3.6095e+010 -15802.6 -13530.2 28019.2 4e+027 9.84745e+007
2.03904e+010 6.53446e+009 -1.37597e+010 -7371.11 14628.6 -3282.1 4e+027 9.84745e+007
-4.7693e+010 5.07346e+010 2.96023e+009 36009.1 -986.975 312.531 4e+027 9.84745e+007
-5.53436e+010 -1.17529e+011 1.83838e+010 -28873.3 17235 2485.64 4e+027 9.84745e+007
-3.99318e+010 7.48973e+010 2.35588e+010 31414.7 645.682 34007.9 4e+027 9.84745e+007
2.69677e+010 4.32293e+009 1.34212e+010 -639.181 -17270.5 24821.6 4e+027 9.84745e+007
-6.31403e+010 2.12092e+010 1.33274e+009 -7875.02 28820.7 -10197.4 4e+027 9.84745e+007
5.09167e+010 -4.13472e+010 -2.0126e+010 -16541.4 -7370.03 -13009.3 4e+027 9.84745e+007
4.12524e+010 -6.11e+008 1.81267e+010 -16347.1 -6428.78 43713.6 4e+027 9.84745e+007
2.44875e+010 -3.54848e+010 -2.41659e+010 -23626.1 -7482.27 -17408.9 4e+027 9.84745e+007
-2.9071e+009 7.55682e+010 7.73431e+009 11257.5 304.467 -2985.23 4e+027 9.84745e+007
3.79706e+010 1.0772e+010 -2.0174e+010 11540.3 -8457.58 -16306.4 4e+027 9.84745e+007
4.97556e+010 7.49151e+010 -1.14891e+010 4813.46 -25401.4 -17353.6 4e+027 9.84745e+007
2.6866e+010 -6.26699e+009 2.02596e+008 -17668 -4555.56 -20070.2 4e+027 9.84745e+007
-6.57604e+010 -9.18344e+010 -8.62211e+009 -25396.9 17916.9 5610.87 4e+027 9.84745e+007
-4.68072e+009 9.36101e+010 -1.07151e+010 26801.5 -4785.14 4288.18 4e+027 9.84745e+007
-6.0828e+010 4.76834e+010 -3.22046e+009 25349 13205.8 -5450.73 4e+027 9.84745e+007
3.61919e+010 -8.57486e+009 9.171e+009 -9716.77 -12283 -22234.9 4e+027 9.84745e+007
-3.87628e+010 4.76798e+010 1.71375e+010 13229.4 16409.2 14081.4 4e+027 9.84745e+007
-7.84653e+010 4.34351e+010 3.40319e+007 1979.87 46179.2 -7259.1 4e+027 9.84745e+007
1.41234e+011 4.01178e+010 1.38848e+010 7719.02 -41188.5 2578.97 4e+027 9.84745e+007
-1.30649e+010 1.32296e+010 1.04312e+010 -3126.8 12769.9 16741.6 4e+027 9.84745e+007
-2.48849e+010 1.12149e+011 -1.97877e+009 45052.7 9309.63 9949.92 4e+027 9.84745e+007
-4.62442e+010 1.13846e+011 1.5643e+010 49128.5 2927.9 22755.4 4e+027 9.84745e+007
-5.50484e+009 5.15994e+010 1.11344e+010 -5038.73 1227.24 29313.6 4e+027 9.84745e+007
1.22014e+011 2.38012e+010 -5.33848e+009 2465.29 -26027.1 -17084.2 4e+027 9.84745e+007
-2.65355e+010 7.22747e+010 -2.44908e+010 5206.48 7178.3 -19287.7 4e+027 9.84745e+007
1.21231e+011 2.33887e+010 1.76928e+010 9264.12 -34470.8 6377.47 4e+027 9.84745e+007
3.13846e+010 3.85907e+010 2.94647e+007 -7853.18 -27335.8 15169.1 4e+027 9.84745e+007
-6.75266e+010 6.02112e+010 2.37842e+010 15233 22904.7 -3099.07 4e+027 9.84745e+007
-8.98233e+009 2.7775e+010 7.41556e+009 278.464 15160.9 -27411.6 4e+027 9.84745e+007
-2.86848e+009 9.66767e+010 -3.61222e+010 17408.1 -6238.33 -20592.4 4e+027 9.84745e+007
-7.32772e+010 9.36537e+010 -8.98557e+009 32256.2 12581.3 -5620.94 4e+027 9.84745e+007
-2.88725e+010 7.88493e+009 1.40799e+010 -2118.63 20877.6 35315.8 4e+027 9.84745e+007
1.04737e+011 -1.78136e+010 -5.03714e+009 -15455.9 -19000 19586.5 4e+027 9.84745e+007
4.84661e+010 5.4826e+010 3.01449e+009 -1375.68 -24935.4 25259.7 4e+027 9.84745e+007
-2.82466e+010 5.3774e+010 1.42886e+009 -9196.82 25566.7 1720.37 4e+027 9.84745e+007
7.65466e+010 -1.88746e+010 2.16893e+009 -9763.89 -23272 -8902.41 8e+027 1.2407e+008
-8.50684e+010 -4.74945e+010 9.41914e+009 -12816.5 17074.2 3747.58 4e+027 9.84745e+007
-8.22723e+010 1.05029e+011 -7.22314e+009 31365.2 16376.2 -13075 4e+027 9.84745e+007
6.53294e+010 -3.48713e+010 -2.46819e+010 -9240.84 -17672 -15713.2 4e+027 9.84745e+007
2.63493e+010 4.2454e+010 3.33401e+010 -1474.53 -15770 28390.6 4e+027 9.84745e+007
-5.14796e+010 -1.15243e+011 2.30264e+010 -24143.8 -4216.94 2329.87 4e+027 9.84745e+007
9.7698e+009 -8.34733e+010 2.46781e+009 -25631.5 3270.96 -159.384 4e+027 9.84745e+007
5.27224e+010 5.67693e+010 8.4203e+009 -6239.49 -19417.9 37761.7 4e+027 9.84745e+007
9.5254e+010 -5.48529e+009 1.26939e+010 -16461.7 -16997.1 20996.2 4e+027 9.84745e+007
-1.66449e+010 1.08733e+011 5.4714e+009 45001.2 -795.18 327.254 4e+027 9.84745e+007
1.15113e+010 7.5452e+010 1.90688e+010 11054.2 -7898.1 18519.1 4e+027 9.84745e+007
-2.37235e+010 5.28334e+010 1.6811e+010 16685.2 13061.4 11329.9 8e+027 1.2407e+008
4.97792e+010 -2.6079e+010 -5.22824e+009 -25589.4 3781.91 -3691.47 4e+027 9.84745e+007
-2.02646e+010 9.15849e+010 -1.26533e+010 8071.56 -17922.3 -28123.4 4e+027 9.84745e+007
-6.38098e+010 4.86747e+010 -5.51017e+008 34129.8 19790.3 -9206.88 4e+027 9.84745e+007
2.8472e+010 -7.43789e+009 3.20492e+009 -7263.53 20544.8 22521.3 4e+027 9.84745e+007
-6.98804e+010 3.77644e+010 -9.2025e+009 9007.12 40315.6 -7732.83 4e+027 9.84745e+007
-7.28193e+010 9.16748e+010 -8.9925e+009 36472.9 27231.7 -24737.7 4e+027 9.84745e+007
-1.96342e+010 -5.36772e+010 -2.15788e+009 -14059.4 11007.4 34521.5 4e+027 9.84745e+007
1.15097e+011 1.47444e+010 -8.87409e+009 1141.72 -35962.6 -19065.5 4e+027 9.84745e+007
3.93118e+010 -2.51319e+010 4.06402e+009 -41113.7 13319.1 2308.41 4e+027 9.84745e+007
-1.19345e+011 -6.39245e+010 -7.00097e+009 -26469.7 27607.4 -10970.5 4e+027 9.84745e+007
-1.31387e+011 -4.15293e+010 1.56483e+010 -10588 33359.8 -6425.29 4e+027 9.84745e+007
6.4795e+010 -8.99258e+010 -4.53117e+009 -20075.1 -3243.01 22441.7 4e+027 9.84745e+007
5.79623e+010 6.60746e+010 1.13221e+010 145.565 -25470.4 22352.9 4e+027 9.84745e+007
-9.53683e+010 5.87183e+010 -9.21957e+009 470.776 45213.9 -10913.3 4e+027 9.84745e+007
9.09769e+010 -6.59694e+010 1.85932e+010 -14652.7 -17513.7 8701.26 4e+027 9.84745e+007
2.78884e+010 -2.84025e+009 -2.71019e+010 5740.69 -2653.19 -24937.9 4e+027 9.84745e+007
-5.52388e+010 4.25132e+010 7.71246e+009 12561.9 24073.2 4236.64 4e+027 9.84745e+007
-9.60597e+009 9.04764e+010 5.8394e+009 35707.6 -28594.3 2938.13 4e+027 9.84745e+007
-5.21629e+010 -9.46588e+010 8.7186e+009 -9354.82 20949.1 3812.66 4e+027 9.84745e+007
-4.47833e+010 -1.15553e+011 1.36254e+010 -24445.1 8901.56 -29845.3 4e+027 9.84745e+007
1.00472e+010 6.04888e+010 3.15419e+010 5550.78 -3762.21 23767.4 4e+027 9.84745e+007
2.48017e+009 1.75494e+010 -6.29897e+009 7246.78 18739.5 -8575.33 4e+027 9.84745e+007
1.14785e+010 4.5557e+010 6.14149e+009 -1517.5 -11120.4 16649.6 4e+027 9.84745e+007
-1.00365e+011 -5.83606e+010 1.41442e+010 -2995.86 19016.5 -9249.5 4e+027 9.84745e+007
8.81961e+010 -6.59221e+010 -8.43999e+009 -27219.7 -6193.78 -2288.72 4e+027 9.84745e+007
9.86733e+010 -1.53519e+010 1.00122e+010 -19956.6 -14667.5 29371.7 4e+027 9.84745e+007
-1.26477e+011 -1.60427e+010 -6.64056e+009 -5468 28128.7 -10537.1 4e+027 9.84745e+007
1.38422e+011 3.10722e+010 1.81801e+010 583.769 -31782.2 1044.98 4e+027 9.84745e+007
-5.07797e+010 2.29584e+009 -1.40316e+010 606.867 19760.5 -32954.2 4e+027 9.84745e+007
-1.44786e+010 7.66126e+010 -5.1135e+009 2870.77 -42964 2449.57 4e+027 9.84745e+007
2.1956e+010 -1.40939e+010 1.00502e+010 -10600.2 20993.6 28106.3 4e+027 9.84745e+007
-9.68642e+010 6.78645e+010 1.98471e+010 27845.5 24399.3 15942 4e+027 9.84745e+007
-1.77296e+010 7.77663e+010 -1.15659e+010 36576.3 -31480.2 -61329.1 4e+027 9.84745e+007
-8.41507e+009 1.33783e+011 -1.0959e+010 38355.9 -8500.91 -13513.3 4e+027 9.84745e+007
-7.75783e+010 -3.19756e+010 9.19227e+008 -5711.05 19757.5 -36599.6 4e+027 9.84745e+007
-1.42117e+011 6.46186e+010 9.81612e+009 12392.2 33724.6 4025.67 4e+027 9.84745e+007
-3.1929e+010 5.31876e+010 -2.39231e+009 -5203.59 23321.1 -3345.95 4e+027 9.84745e+007
-9.01669e+010 4.16807e+010 -1.87317e+010 24230 35477.2 -27854.1 4e+027 9.84745e+007
2.4452e+010 3.94264e+010 2.51302e+009 6733.99 -10966.1 26067.1 4e+027 9.84745e+007
-5.08477e+010 5.17026e+010 2.26846e+010 -1372.67 11325.7 5386.61 4e+027 9.84745e+007
8.13632e+010 -5.70083e+010 2.12872e+010 -20394.9 -19779.9 17751 4e+027 9.84745e+007
5.17348e+010 -3.84047e+010 -1.45688e+010 -24759.6 -28176.7 -26963.8 4e+027 9.84745e+007
-4.8928e+010 5.29141e+010 1.4448e+010 34907.2 7695.49 -5223.57 4e+027 9.84745e+007
-6.526e+010 5.861e+010 -5.58798e+009 10933.9 30537.4 13520.5 4e+027 9.84745e+007
2.58136e+010 2.03985e+010 -7.3088e+009 -1015.22 7816.41 -14667 4e+027 9.84745e+007
2.06239e+010 -1.01998e+011 5.19053e+009 -28790.1 -684.984 -10498.7 4e+027 9.84745e+007
-1.77152e+010 1.07093e+011 2.0879e+010 46680.2 -2593.02 11249.3 4e+027 9.84745e+007
-2.85805e+010 -8.40351e+010 1.08285e+010 -18756.6 -14975 12400.3 4e+027 9.84745e+007
-9.49745e+010 5.32463e+010 1.87796e+010 -5084.41 37776.1 6586.96 4e+027 9.84745e+007
5.51493e+010 -4.0478e+009 -1.44035e+010 -10189.5 -7557.02 -28615.1 4e+027 9.84745e+007
-1.99939e+010 8.79683e+010 1.66999e+010 18639.3 -5424.6 3640.81 4e+027 9.84745e+007
3.87322e+010 5.54611e+010 -3.72305e+009 1102.66 -25402.4 13350.3 4e+027 9.84745e+007
3.44492e+010 -9.87193e+009 6.71715e+009 -7537.47 -3690.23 -4793.29 4e+027 9.84745e+007
-5.55225e+010 -8.49879e+010 -5.86533e+009 -23201.5 24434 -1959.14 4e+027 9.84745e+007
-7.94524e+009 6.56296e+010 -1.97266e+010 -1483.66 -8002.3 -30059.2 4e+027 9.84745e+007
-1.06463e+011 -5.2148e+010 1.15729e+010 -2261.1 37268.7 -11850.5 4e+027 9.84745e+007
-6.99116e+010 5.67708e+010 7.89473e+009 34213.4 31232.1 -8829.83 4e+027 9.84745e+007
-1.24344e+011 7.14779e+010 4.17563e+010 6195.76 20926.1 2497.13 4e+027 9.84745e+007
-5.02814e+010 5.07898e+010 4.91967e+008 11974.7 13135.8 617.736 4e+027 9.84745e+007
4.42336e+010 6.14077e+010 2.72341e+009 12237 -31575 13176.3 4e+027 9.84745e+007
3.32303e+010 5.0017e+009 4.00609e+009 -6446.07 -12602.3 14855.1 4e+027 9.84745e+007
-5.70868e+009 2.64173e+010 7.20154e+009 -8704.85 14454.7 -7315.47 4e+027 9.84745e+007
-3.07123e+010 3.96308e+010 -1.35435e+010 -1634.96 17397 3437.4 4e+027 9.84745e+007
-2.53612e+010 1.84544e+009 1.43171e+010 990.328 15538.7 38062.7 4e+027 9.84745e+007
3.82342e+010 3.39439e+010 -7.91474e+009 -9537.8 -26908.3 -10033 4e+027 9.84745e+007
4.17859e+010 1.15828e+011 1.06056e+010 18607.6 -22117.1 5495.69 4e+027 9.84745e+007
-1.16578e+011 -3.31679e+010 2.50339e+010 -4501.97 13414.9 -6968.47 4e+027 9.84745e+007
6.2019e+010 -3.41372e+010 8.81983e+009 -27447.7 -6121.97 -4857.61 4e+027 9.84745e+007
-1.84911e+010 8.18563e+010 -1.85612e+010 19838.2 19123.5 13712.8 4e+027 9.84745e+007
-6.97812e+010 -8.41251e+010 1.12695e+010 -23449 26403.2 -386.484 4e+027 9.84745e+007
2.83714e+010 -6.42811e+009 1.32854e+010 -20549.4 -1748.69 51585.5 4e+027 9.84745e+007
-6.99771e+010 -1.06483e+011 3.82329e+009 -14195.4 15117.9 31102.9 4e+027 9.84745e+007
-7.50895e+010 3.73082e+010 -2.21207e+010 17757.7 33158.8 -12811.7 4e+027 9.84745e+007
9.86384e+010 2.54666e+010 -6.69624e+009 -9263.24 -18841.6 -9723.03 4e+027 9.84745e+007
6.83881e+010 -4.52074e+010 7.32308e+009 -22363.3 -10905.5 6879.36 4e+027 9.84745e+007
1.07953e+011 4.80626e+010 3.06386e+009 8645.51 -25832 -11268.3 4e+027 9.84745e+007
-8.00882e+010 1.5498e+010 -1.31962e+010 -8248.4 30924.1 -5172.15 4e+027 9.84745e+007
8.54226e+010 -6.44883e+010 1.29726e+010 -30661.5 -18101.6 12999.6 4e+027 9.84745e+007
-1.18324e+011 -5.60967e+010 -9.48844e+009 -11631.6 30474.1 -10068 4e+027 9.84745e+007
-1.69551e+010 1.01332e+011 -2.35561e+010 16474.9 15474.7 -15189.9 4e+027 9.84745e+007
-7.91515e+010 6.51278e+010 2.36671e+010 31875.9 20245.5 8117.16 4e+027 9.84745e+007
-6.22836e+010 -8.57491e+010 1.78085e+010 -12413 7218.24 23157.1 4e+027 9.84745e+007
-7.25716e+010 4.41105e+010 -2.63127e+010 22533.1 34756.5 -17134.9 4e+027 9.84745e+007
1.38589e+010 9.42651e+009 -2.75831e+010 -12849.7 12868.4 -26134.1 4e+027 9.84745e+007
2.81233e+010 4.30995e+010 3.0172e+010 -3989 -29727 32470.5 4e+027 9.84745e+007
-4.712e+010 -9.78385e+010 -7.7308e+009 -15483.3 3789.52 1426.09 4e+027 9.84745e+007
1.49423e+010 7.64419e+010 3.93897e+009 2696.07 -37203.9 -7702.13 4e+027 9.84745e+007
-3.68842e+010 5.43983e+010 1.87617e+010 5148.81 16148.3 2839.53 4e+027 9.84745e+007
7.00516e+009 6.58292e+010 2.27642e+010 10492.2 -7093.59 24363.4 4e+027 9.84745e+007
-5.28257e+010 6.64869e+010 1.58436e+010 39570.9 11315.7 20315.8 4e+027 9.84745e+007
9.04204e+010 -2.6707e+010 -2.00955e+010 -15056.8 -24856.3 -14306.5 4e+027 9.84745e+007
5.01036e+010 -2.71556e+010 7.58919e+009 -34232.5 -13028.3 -11418.1 4e+027 9.84745e+007
8.54166e+010 -6.67476e+010 1.91533e+010 -9676.61 -5990.5 17432.8 4e+027 9.84745e+007
-4.65562e+010 3.47566e+010 1.55343e+010 2978.16 30505.5 25633.5 4e+027 9.84745e+007
-2.71568e+010 -1.25642e+011 1.59524e+008 -30331 2972.75 -3818.79 4e+027 9.84745e+007
-5.95875e+009 1.01009e+011 -1.59938e+010 19373.9 -26258 -17922.6 4e+027 9.84745e+007
-4.58185e+010 4.98998e+010 7.25964e+009 27233.3 15324.4 -7539.26 4e+027 9.84745e+007
-4.37256e+010 1.04029e+011 1.06473e+010 37356.9 14957.8 -5510.63 4e+027 9.84745e+007
3.04229e+010 3.46433e+010 1.42366e+010 7789.28 -9025.76 19252.3 4e+027 9.84745e+007
-4.82016e+009 9.82456e+010 2.98355e+009 20288.5 -10603.6 7042.01 4e+027 9.84745e+007
-4.66055e+010 -9.91319e+010 8.40544e+009 -21016.1 7694.74 -2796.97 4e+027 9.84745e+007
-1.23605e+011 5.92395e+010 4.7453e+009 18587.3 26238.5 3754.4 4e+027 9.84745e+007
-6.89997e+010 4.18432e+010 -1.8266e+010 22744.3 27899 -21165 4e+027 9.84745e+007
-7.43662e+010 5.01074e+010 -5.74055e+009 27149.3 35581.4 -11234.9 4e+027 9.84745e+007
-5.059e+010 5.96919e+010 -2.29624e+009 46207.2 14839.6 3952.87 4e+027 9.84745e+007
-7.25031e+010 -1.88777e+010 9.18911e+009 -8478.03 17783.1 -745.488 4e+027 9.84745e+007
-5.00717e+010 5.30282e+010 -1.15501e+009 22560.1 21664 -5028.74 4e+027 9.84745e+007
-3.48884e+010 7.5515e+010 -2.31021e+010 30062 1021.6 -36602.6 4e+027 9.84745e+007
-6.0464e+010 -1.03817e+011 1.78086e+009 -31812.6 13291.8 -1486.42 4e+027 9.84745e+007
7.1386e+010 -8.08534e+009 6.47604e+009 -12298.7 -9986.1 -11285.1 4e+027 9.84745e+007
4.64861e+010 -9.25749e+010 4.43214e+009 -22121 -3750.38 -22699.1 4e+027 9.84745e+007
2.16302e+010 2.70694e+010 6.53925e+009 -947.453 -14198.5 14443.4 4e+027 9.84745e+007
-1.13138e+011 -7.37418e+010 1.71017e+010 -17016.8 20175.3 -3072.6 4e+027 9.84745e+007
-2.68979e+010 1.1773e+011 5.48691e+009 43046.9 8579.73 6619.08 4e+027 9.84745e+007
1.05499e+011 5.40762e+010 6.80678e+009 12329.4 -24094.6 -2400.72 4e+027 9.84745e+007
-1.06113e+011 -5.71883e+010 1.87158e+010 -10970.9 26936.1 -4444.95 4e+027 9.84745e+007
-1.22258e+011 -2.02341e+010 1.57814e+010 -5478.92 19725.5 -6947.48 4e+027 9.84745e+007
-2.65376e+010 1.95217e+010 1.2244e+010 -442.157 19449.1 -805.285 4e+027 9.84745e+007
8.52833e+010 -5.78726e+010 5.32089e+009 -21056.5 4729.48 -5053.19 4e+027 9.84745e+007
2.59957e+010 5.44905e+010 -1.26876e+010 334.105 -19780.3 -37597.8 4e+027 9.84745e+007
-2.30752e+010 -4.82463e+010 -8.72137e+009 -6986.98 4254.83 -12877.7 4e+027 9.84745e+007
-2.22517e+010 7.72051e+010 1.03174e+010 18609.1 -16569.9 4529.8 4e+027 9.84745e+007
2.08704e+010 5.3224e+009 -1.90982e+010 786.794 2961.98 -25613.7 4e+027 9.84745e+007
-1.57317e+010 5.94885e+010 -2.38902e+010 -988.508 -12387.9 -18369 4e+027 9.84745e+007
3.9002e+010 6.6982e+010 1.40065e+010 3312.67 -27605.9 18557 4e+027 9.84745e+007
3.83628e+010 -4.92437e+010 1.931e+010 -18266.7 12934 33876.7 4e+027 9.84745e+007
-6.55798e+010 4.39664e+010 -9.85892e+009 36875.5 31159.1 -5662.8 4e+027 9.84745e+007
-1.31806e+010 1.07337e+011 2.31736e+010 44270.6 -21429.1 15263.9 4e+027 9.84745e+007
1.76415e+010 -1.41871e+011 1.96237e+010 -30849.3 -5290.73 -5226.53 4e+027 9.84745e+007
3.10166e+010 6.05207e+009 -1.92427e+010 -15954.5 -9318.85 -9051.89 4e+027 9.84745e+007
-2.33119e+010 8.04209e+009 1.40344e+010 -748.324 8675.85 48261.1 4e+027 9.84745e+007
-1.62357e+009 9.75183e+010 -3.63273e+010 45164.5 -6467.09 -31075.4 4e+027 9.84745e+007
9.07229e+010 -4.11157e+009 -1.82873e+010 -8710.81 -24430.5 -17092.4 4e+027 9.84745e+007
-4.78601e+010 -1.03724e+011 1.93821e+010 -23386 8381.91 6769.4 4e+027 9.84745e+007
2.03792e+009 -6.94294e+010 1.41498e+009 -11002.7 7027.85 9850.62 4e+027 9.84745e+007
4.41421e+010 -2.16702e+010 6.01603e+009 -29579 -3042.77 -1577.11 4e+027 9.84745e+007
-5.44931e+010 -1.23144e+011 -4.6414e+009 -37334.9 10438.3 -3366.18 4e+027 9.84745e+007
-2.04725e+010 1.15132e+011 3.76479e+009 42437.7 14787.2 2737.97 4e+027 9.84745e+007
8.79631e+010 -6.68978e+010 2.14103e+009 -34176 -24786.9 -4958.51 4e+027 9.84745e+007
-1.22506e+011 -8.06762e+009 9.5646e+009 10075 31770.4 -4089.92 4e+027 9.84745e+007
-1.90221e+010 1.02236e+011 1.94937e+010 31890.7 -4991.33 15054.1 4e+027 9.84745e+007
6.76972e+009 6.80253e+009 -8.40964e+009 7748.74 13408.3 -13410 4e+027 9.84745e+007
-5.86872e+010 5.19554e+010 -2.76395e+010 17189.8 14193.6 -24917 4e+027 9.84745e+007
-6.33918e+010 5.57331e+010 2.56203e+010 27251.1 17210.7 42287.5 4e+027 9.84745e+007
-5.00374e+010 -1.44971e+011 4.01616e+009 -32694.1 10270.9 -982.226 4e+027 9.84745e+007