427
9.08573e+010 1.49818e+011 1.49054e+010 15659.1 -877.49 -18951.4 4e+027 9.84745e+007
-6.01346e+010 1.09261e+011 2.39485e+010 5426.22 12407.3 -7526.67 4e+027 9.84745e+007
-1.37607e+010 8.16187e+010 -2.33241e+010 11957.8 -12668.9 13693.3 4e+027 9.84745e+007
-5.40376e+010 -1.03573e+009 -7.49066e+009 -24417.5 32145.1 332.229 4e+027 9.84745e+007
-3.89058e+010 2.13022e+010 6.95115e+010 9018.5 2460.03 49.6414 4e+027 9.84745e+007
-1.39317e+010 2.34028e+010 -1.51394e+010 -10613.4 -27388.2 8628.12 4e+027 9.84745e+007
-1.40376e+010 -2.58224e+010 -1.51064e+010 -33872.1 11933.7 -3875.98 4e+027 9.84745e+007
1.29939e+010 5.26013e+010 -3.09333e+010 27920.5 -5295.69 -16088.3 4e+027 9.84745e+007
2.30923e+010 4.39565e+010 -7.63969e+009 12151.6 -1343.47 -1417.26 4e+027 9.84745e+007
1.0742e+011 1.25963e+010 8.79958e+008 14484.8 -30225.8 -814.632 4e+027 9.84745e+007
1.19069e+011 1.10581e+010 -1.99331e+010 2503.36 -19099.2 10296.5 8e+027 1.2407e+008
-3.93531e+010 9.67961e+010 -1.23286e+010 8980.09 17489.3 34119.8 4e+027 9.84745e+007
-1.23736e+010 6.67304e+010 -9.01204e+009 18576.1 -10068.5 -681.132 4e+027 9.84745e+007
-7.99704e+010 3.5578e+010 -1.33585e+010 10537.3 12775.2 -20874.5 8e+027 1.2407e+008
-3.33281e+010 2.98635e+010 -1.29333e+010 -19076.7 7113.03 -3686.27 1.2e+028 1.42025e+008
-1.58831e+010 4.78574e+010 -4.64204e+010 5236.27 -13270 -1107.44 4e+027 9.84745e+007
4.84121e+008 2.78988e+010 7.5464e+010 17675.5 -6823.52 8042.72 4e+027 9.84745e+007
7.15189e+009 -4.56e+010 -2.29193e+010 -24451.5 4871.4 -3803.25 4e+027 9.84745e+007
-5.18567e+010 8.73003e+010 -4.34e+010 14916.5 12212.4 -20556.7 4e+027 9.84745e+007
-2.62243e+010 1.87286e+011 4.13736e+010 22745.4 17486.9 862.864 4e+027 9.84745e+007
-8.21366e+009 3.16746e+010 -4.11614e+010 -1247.4 -19254.6 -1806.47 4e+027 9.84745e+007
-5.11801e+010 -8.41759e+008 -1.00475e+010 -8467.79 27667.1 -12788.9 8e+027 1.2407e+008
1.2744e+011 6.27373e+009 1.63106e+009 -4113.22 -33551 -3854.71 8e+027 1.2407e+008
1.60846e+009 2.76541e+010 7.22327e+009 -9120.39 -26184.8 6709.67 8e+027 1.2407e+008
4.42445e+009 3.48634e+010 7.06686e+010 -9244.74 11838.2 5292.94 8e+027 1.2407e+008
1.37088e+011 -9.19139e+009 -4.34802e+009 1495.18 -14798.8 21394.4 4e+027 9.84745e+007
9.15272e+010 1.31974e+011 1.76402e+010 6886.88 4219.79 -19694.7 4e+027 9.84745e+007
1.44001e+011 1.11692e+010 2.17474e+010 -4895.26 -38810.8 5291.9 4e+027 9.84745e+007
-1.81789e+010 3.78861e+010 -4.27904e+010 14519 12765.3 -4125.16 4e+027 9.84745e+007
-1.03928e+010 -1.12749e+011 4.39039e+010 -23427.2 -7507.02 -5075.1 4e+027 9.84745e+007
-4.69577e+010 -1.13635e+010 -6.88486e+009 -10892.7 14396.6 -15840.1 4e+027 9.84745e+007
4.66895e+010 2.88305e+010 6.5341e+009 4707.4 -29211.6 -7204.36 4e+027 9.84745e+007
-1.1698e+011 4.43762e+010 9.47136e+009 13924.2 26766.5 16848.4 1.2e+028 1.42025e+008
1.58784e+011 -6.97538e+009 -1.8386e+010 7172.18 -34716.1 5253.38 4e+027 9.84745e+007
6.64222e+010 2.71651e+010 2.76848e+010 17179.5 -24598 14526.5 4e+027 9.84745e+007
-1.49144e+010 4.79505e+010 -8.26665e+009 21152.2 273.397 28626.9 4e+027 9.84745e+007
-5.22912e+010 1.21898e+011 -4.55282e+010 25594.5 6648.44 3323.21 4e+027 9.84745e+007
-1.23642e+011 -4.22909e+010 9.22311e+009 -22089.1 12740.1 12392.6 4e+027 9.84745e+007
-3.34214e+010 1.52306e+010 6.82577e+010 -6579.3 -17829.8 -3766.83 4e+027 9.84745e+007
-3.50032e+010 5.61637e+010 -4.03328e+010 -9025.28 -1568.62 8596.87 4e+027 9.84745e+007
-1.33581e+010 -9.67366e+009 2.8417e+010 6213.69 -5297.72 -24785.9 4e+027 9.84745e+007
-8.52991e+010 -1.11187e+011 -3.71981e+009 -26611.7 7125.63 12115.5 4e+027 9.84745e+007
-9.3123e+010 1.51398e+010 -2.26047e+009 -28700.1 18369.2 6641.96 4e+027 9.84745e+007
-2.53805e+010 3.09933e+010 -5.43676e+010 -7194 19796 -19014.6 4e+027 9.84745e+007
-4.7221e+010 1.59662e+010 -3.4283e+010 6790.95 23922 -1914.3 8e+027 1.2407e+008
-1.52769e+011 -1.1309e+010 4.26582e+009 -17989.5 17783.9 -16679.9 8e+027 1.2407e+008
-1.69519e+010 2.40867e+010 6.4034e+010 -14186.4 -6674.3 -56.511 4e+027 9.84745e+007
-2.96617e+010 -1.7432e+010 1.38133e+009 -13410 25085.2 17916.4 4e+027 9.84745e+007
1.11153e+010 -1.80826e+011 -1.35231e+011 -16043.8 -16293.9 -4901.18 4e+027 9.84745e+007
-1.47988e+010 2.99421e+010 -6.88436e+009 8117.22 5972.88 8753.87 4e+027 9.84745e+007
5.29814e+010 2.84008e+010 -2.46445e+010 -14627 4916.5 -3854.18 4e+027 9.84745e+007
-9.70347e+010 7.05639e+010 -6.29992e+009 29372 19455.5 -11775.9 4e+027 9.84745e+007
1.88925e+011 -7.37257e+010 -1.54632e+008 2513.44 -24290.9 -3957.92 4e+027 9.84745e+007
1.00852e+011 2.81336e+010 -5.34414e+010 10910.9 -26390.5 -18411.5 4e+027 9.84745e+007
-1.55242e+010 4.56236e+009 -8.43701e+008 2445.42 6490.75 9893.4 8e+027 1.2407e+008
-4.86345e+009 -2.53382e+008 2.86355e+010 15814.1 -4129.13 -18141.6 4e+027 9.84745e+007
-7.84458e+010 7.784e+010 2.5952e+009 19764.6 5108.12 -2080.11 4e+027 9.84745e+007
-3.58465e+010 5.74943e+010 4.57334e+010 3893 14951.8 -1418.84 4e+027 9.84745e+007
-1.34866e+011 -9.9574e+009 -5.61612e+009 -24263.8 22013.8 -17967.8 4e+027 9.84745e+007
4.72854e+010 -3.33558e+010 1.89449e+010 -8501.92 -7334.06 -10428.9 4e+027 9.84745e+007
3.46873e+010 7.99281e+010 -1.89688e+010 21109 -14439.9 14836 4e+027 9.84745e+007
-1.27785e+011 1.00968e+011 4.91854e+010 1040.33 27460.9 -14655 4e+027 9.84745e+007
3.15409e+010 4.18958e+010 6.2316e+010 2103.66 -22868.7 -18.512 8e+027 1.2407e+008
-3.70277e+010 -1.38746e+010 -1.32101e+010 -17868.5 13354 25924.9 4e+027 9.84745e+007
-8.01536e+010 6.30203e+010 1.02133e+010 23304.2 9873.22 4875.5 4e+027 9.84745e+007
-4.84547e+010 9.47843e+010 2.01998e+010 22244.3 8126.97 -12522 8e+027 1.2407e+008
-3.15485e+010 5.27733e+010 -4.04896e+010 5069.44 19117.2 -10816.2 4e+027 9.84745e+007
-5.8564e+009 1.54763e+011 3.49299e+010 27328.8 2377.8 -10409.3 4e+027 9.84745e+007
1.03715e+011 -2.46152e+009 5.85646e+010 -4986.51 -2051.94 10465.3 4e+027 9.84745e+007
-8.38115e+010 8.11047e+010 1.01086e+010 15172 14127.6 14806.9 8e+027 1.2407e+008
1.29785e+011 -3.34947e+009 3.62469e+009 3293.74 -16723.2 -13597 1.2e+028 1.42025e+008
3.08806e+010 6.94754e+010 -5.40128e+009 33986.7 -21989.1 10345.2 8e+027 1.2407e+008
9.17299e+010 2.23898e+010 1.263e+010 -2951.77 -13272.1 -6921.07 4e+027 9.84745e+007
9.44088e+010 6.03758e+010 -8.4592e+009 20535.3 -11230.4 -2770.05 4e+027 9.84745e+007
-5.877e+010 1.00541e+010 4.71467e+010 6254.4 9472.94 -2723.28 4e+027 9.84745e+007
-8.58775e+010 7.32753e+010 1.45895e+010 12373.3 26753.4 10784.2 4e+027 9.84745e+007
-7.14713e+010 3.05273e+010 5.97707e+010 4346.18 14052.8 17633.7 4e+027 9.84745e+007
1.64136e+010 4.62331e+010 1.14173e+011 8117.49 1864.44 12611.3 4e+027 9.84745e+007
-2.22763e+010 2.62109e+010 7.29104e+009 -10463.8 -5205.05 -11030.6 4e+027 9.84745e+007
-1.5721e+010 4.95531e+010 1.72965e+010 -9650.41 28558.3 -1660.08 4e+027 9.84745e+007
-6.9132e+010 2.41861e+010 4.64968e+010 5843.99 20813 18134.4 4e+027 9.84745e+007
-3.29283e+010 -3.30932e+010 -3.44896e+010 -33114.3 -6538.1 9906.24 8e+027 1.2407e+008
1.79691e+010 9.30398e+010 1.46652e+010 23782.4 -20743.7 5120.72 4e+027 9.84745e+007
-1.37979e+011 7.49167e+010 9.74767e+010 1137.8 19905.5 -5434.45 4e+027 9.84745e+007
9.32892e+010 4.39816e+009 -7.17934e+010 -1277.76 -4036.13 -11362.2 4e+027 9.84745e+007
-2.966e+009 2.00844e+010 7.00404e+010 -3253.78 -2604.86 5440.85 8e+027 1.2407e+008
5.81547e+010 6.90054e+010 5.80607e+009 15829.2 -3699.39 4077.46 4e+027 9.84745e+007
-1.277e+011 -2.11058e+010 2.35489e+010 -25950.4 26970 -15603.9 4e+027 9.84745e+007
1.63887e+011 2.99459e+010 8.6552e+009 20472.7 -33734.8 144.191 4e+027 9.84745e+007
9.93529e+010 3.14984e+010 -2.14176e+010 202.971 -22202.6 5130.4 4e+027 9.84745e+007
-1.11436e+011 -1.47244e+010 -8.23012e+009 -12661.8 28348.5 1797.48 4e+027 9.84745e+007
-3.73051e+009 -1.89422e+011 -1.11266e+010 -23600.2 -12875.8 1360.4 4e+027 9.84745e+007
-7.04679e+010 5.26863e+010 2.4289e+010 4305.79 21786.4 -4887.97 4e+027 9.84745e+007
1.29816e+011 4.86869e+009 5.35838e+009 -10192.1 -25037 -703.263 4e+027 9.84745e+007
-2.25021e+010 1.9594e+010 -4.77163e+010 5651.3 12418.7 -11755.7 4e+027 9.84745e+007
-4.65563e+010 -3.34837e+010 6.13035e+009 -25101.4 -5355.36 -15294.3 4e+027 9.84745e+007
-6.41752e+010 9.42826e+010 1.54431e+009 11405 12253.8 -17460.2 4e+027 9.84745e+007
5.44956e+010 5.5403e+010 -3.06882e+009 12756.8 -11746.6 2195.77 4e+027 9.84745e+007
-4.44717e+009 -6.78339e+009 2.26065e+010 -5918.63 -1302.14 -14676.7 1.6e+028 1.56319e+008
-9.50856e+010 3.39636e+010 -1.08375e+010 -2626.93 29117.8 -11305.1 4e+027 9.84745e+007
5.92792e+010 6.192e+010 -1.94925e+010 14015.7 -14447.3 -8846.07 4e+027 9.84745e+007
-1.00244e+011 -1.89071e+010 3.51493e+010 -15058.1 22989 6034.61 4e+027 9.84745e+007
9.28371e+010 -4.60964e+010 2.59105e+010 -13744.7 -15899 11116.7 4e+027 9.84745e+007
1.30523e+011 -6.39775e+009 2.05901e+009 -11579 -17852.1 24278.4 4e+027 9.84745e+007
7.6365e+010 2.04088e+011 -1.7623e+010 23561.7 1787.04 3276.93 4e+027 9.84745e+007
1.28643e+010 6.64469e+010 4.58778e+010 11275.1 1999.54 2229.34 4e+027 9.84745e+007
1.57813e+011 2.09617e+011 1.60438e+011 29342.3 12406.6 6990.04 4e+027 9.84745e+007
1.60377e+011 3.99394e+010 4.91147e+010 12284.4 -21697 7384.15 4e+027 9.84745e+007
2.40168e+010 1.10313e+011 -8.80356e+010 8198.99 11999.8 9440.04 4e+027 9.84745e+007
1.31879e+010 -6.68856e+009 2.73523e+010 -3211.56 -6997.46 -6366.48 2.4e+028 1.7894e+008
-1.31855e+011 -7.76137e+009 3.77596e+010 -14618.9 28738.3 11807.2 4e+027 9.84745e+007
-9.89862e+009 2.17081e+010 -5.15119e+010 -3711.79 13929.9 727.511 4e+027 9.84745e+007
-1.26258e+010 1.24688e+010 -4.15691e+010 1155.17 -1422.93 9109.77 8e+027 1.2407e+008
-2.66043e+010 5.1991e+010 -3.11272e+010 -6132.3 -19459 7405.04 8e+027 1.2407e+008
-2.89127e+010 -1.10549e+010 1.50144e+010 -1794.75 -16583 -4120.45 8e+027 1.2407e+008
5.57163e+010 -7.39418e+010 1.42377e+010 -21339.6 -6899.88 -7414.07 4e+027 9.84745e+007
5.73411e+010 1.37563e+011 1.0411e+010 2820.59 -3282.43 -20607.6 8e+027 1.2407e+008
-2.38942e+010 9.6849e+010 7.47471e+009 18287.6 7799.9 16929.2 4e+027 9.84745e+007
-1.64692e+011 -1.14201e+009 4.8542e+010 -3085.7 29723.4 -2744.66 4e+027 9.84745e+007
-8.43438e+010 9.19435e+010 -3.36919e+009 4062.51 27118 2582.47 8e+027 1.2407e+008
-8.52711e+010 2.63898e+010 -4.32054e+010 5289.78 23106.6 -27872.9 4e+027 9.84745e+007
4.85455e+010 -7.34777e+009 1.28323e+010 -16873.9 -10937 9349.82 4e+027 9.84745e+007
8.30656e+010 1.5552e+011 1.39431e+010 7904.1 5561.84 -14081.5 4e+027 9.84745e+007
4.81527e+010 1.21227e+011 7.3847e+009 5628.4 -8489.06 1127.45 4e+027 9.84745e+007
6.13111e+010 2.08233e+011 4.84467e+010 14867.6 5893.55 -7774.75 4e+027 9.84745e+007
1.35641e+011 9.91784e+009 -3.2738e+010 18393 -34371.2 -8241.53 4e+027 9.84745e+007
1.31227e+011 -4.93576e+009 -5.35618e+008 -10398.4 -50019.8 9955.26 4e+027 9.84745e+007
-2.79613e+010 3.3467e+009 -1.82762e+010 -7549.14 -3100.45 1473.79 4e+027 9.84745e+007
-1.41411e+010 -1.76504e+011 -1.3325e+010 -21642.9 -6649.1 -6893.44 4e+027 9.84745e+007
1.15455e+011 -1.8966e+010 7.18386e+010 -2804.4 -11506.7 12776.5 8e+027 1.2407e+008
-1.77291e+011 9.52515e+010 3.17949e+009 6418.62 30267.4 571.342 4e+027 9.84745e+007
-7.28388e+010 7.80258e+010 -4.75428e+010 -991.766 10896.1 -7277.09 4e+027 9.84745e+007
5.64735e+010 -1.24998e+011 -2.66877e+010 -12421.5 -17237.3 5767.16 4e+027 9.84745e+007
8.89113e+010 3.15987e+010 1.54093e+009 5368.42 -19038.9 -5579.62 4e+027 9.84745e+007
-2.61901e+010 1.15777e+010 2.3602e+010 -2412.02 22562.6 -7943.97 4e+027 9.84745e+007
-8.98149e+010 -3.022e+010 -3.15143e+009 -22277.7 14013.8 2747.47 4e+027 9.84745e+007
1.32621e+010 5.09314e+010 -3.2513e+010 20289 7112.42 -25342 4e+027 9.84745e+007
-8.04369e+010 -1.17403e+011 -8.26849e+008 -27874.7 3132.08 4830.03 8e+027 1.2407e+008
-3.58155e+010 9.90169e+010 1.2993e+009 8062.09 11868.3 32619.6 4e+027 9.84745e+007
8.72386e+010 -3.55346e+009 2.5322e+010 75.4828 -6657.85 13908.5 8e+027 1.2407e+008
1.69373e+011 1.70211e+010 3.4609e+009 6757.18 -29946.3 3509.84 4e+027 9.84745e+007
-6.97999e+010 9.85976e+010 5.30906e+009 23133.9 19178.2 -22920.8 4e+027 9.84745e+007
-9.38102e+010 1.0021e+011 8.53574e+009 8034.97 22200.7 6294.37 4e+027 9.84745e+007
1.19378e+011 -1.1304e+010 -1.24881e+010 -7859.47 -40877.1 -15911.7 4e+027 9.84745e+007
1.01181e+010 -1.03396e+011 -1.34723e+010 -28031.1 -3584.45 5328.6 1.2e+028 1.42025e+008
1.60235e+010 2.17826e+010 -2.50547e+010 4222.24 14502.5 -1163.57 4e+027 9.84745e+007
6.1141e+010 4.58714e+010 2.70564e+010 9394.83 -9019.14 1055.88 4e+027 9.84745e+007
-2.49091e+010 -2.03077e+010 1.56919e+010 -21382.6 7760.16 -15468.1 8e+027 1.2407e+008
-7.74871e+009 4.99484e+010 5.19349e+010 -13874.4 -19629 16809.9 4e+027 9.84745e+007
-1.31108e+011 8.33286e+010 1.02528e+010 -2552.52 31643.5 -1981.59 4e+027 9.84745e+007
-1.91694e+011 -7.61943e+010 9.96138e+009 -31327.2 12051.8 -6968.8 4e+027 9.84745e+007
8.26684e+009 2.43501e+010 7.89722e+010 -4071.09 -12354.6 -2142.85 8e+027 1.2407e+008
-3.67795e+010 -1.04469e+010 -1.50907e+010 -9192 20772.2 -7030.62 4e+027 9.84745e+007
-5.40926e+010 1.38598e+010 -1.35044e+010 13087.4 20908.6 -2567.37 4e+027 9.84745e+007
8.10065e+010 5.34739e+010 5.21185e+010 9436.29 -20228.1 -6620.07 4e+027 9.84745e+007
-4.82212e+010 8.86556e+009 3.23399e+009 -16853.9 26580 248.51 1.6e+028 1.56319e+008
7.64677e+010 5.66899e+009 2.39818e+010 8190.47 -3303.66 -7554.81 4e+027 9.84745e+007
-7.92749e+010 9.00429e+010 2.60003e+009 27440.1 10962.2 10545.2 8e+027 1.2407e+008
1.35498e+010 -3.95059e+010 1.46963e+010 -23089.2 -14030.2 1150.54 4e+027 9.84745e+007
-4.83015e+010 -1.41031e+009 -6.09484e+009 -27807.5 4971.83 -6618.81 1.6e+028 1.56319e+008
-2.04917e+010 -2.32506e+010 -1.07787e+010 -26842.9 1945.19 14357.1 8e+027 1.2407e+008
-2.55529e+010 -7.59576e+009 -3.49206e+009 -14973.3 4093.67 9773.21 4e+027 9.84745e+007
-7.48277e+010 1.25471e+011 -1.94345e+010 29176.5 7441.29 7438.72 4e+027 9.84745e+007
1.15846e+011 1.42137e+010 -4.19983e+010 -2608.51 255.368 -14347.4 4e+027 9.84745e+007
-2.01424e+010 1.35088e+011 -6.26547e+010 3283.55 -2798 -21881.5 4e+027 9.84745e+007
-8.346e+010 -1.08727e+011 -5.2311e+009 -21636.1 12562.3 1057.11 4e+027 9.84745e+007
6.86213e+010 -4.15303e+009 -1.65167e+010 -6394.49 -3715.65 -1959.71 4e+027 9.84745e+007
-2.98602e+010 -5.99053e+009 8.11042e+008 -39120.3 -4043.77 -794.301 8e+027 1.2407e+008
-6.96749e+010 3.20154e+010 -4.08282e+010 2951.98 23200.8 -13297.1 4e+027 9.84745e+007
9.25087e+010 1.98687e+010 -2.14292e+010 4053.75 -7043.65 -10704.9 4e+027 9.84745e+007
-1.30923e+010 -1.12509e+011 3.81916e+010 -21172 -7482.15 -14539.1 4e+027 9.84745e+007
-2.29495e+010 7.58778e+009 1.01526e+011 -11162.8 2715.73 9578.15 4e+027 9.84745e+007
-5.82936e+010 -1.63656e+010 1.59263e+010 -10876.9 16772.3 8342.31 4e+027 9.84745e+007
-3.69001e+010 2.35321e+010 7.32489e+010 5430.47 5460.1 -7343.98 4e+027 9.84745e+007
-1.0838e+010 2.13076e+010 2.6551e+010 -13768.6 -493.083 -3651.04 4e+027 9.84745e+007
5.71314e+009 -3.22368e+010 -1.70518e+010 -28118.2 5247.41 3168.24 4e+027 9.84745e+007
-3.92611e+010 8.91951e+010 1.23943e+010 18648.6 11452 15468.6 4e+027 9.84745e+007
2.22779e+009 1.0065e+011 5.00271e+009 21.2107 4581.36 32632.9 4e+027 9.84745e+007
-7.82638e+008 1.93167e+010 1.76552e+010 5638.18 6243.72 13596.7 4e+027 9.84745e+007
-3.01482e+010 8.66685e+009 9.97598e+009 -18850.4 -7171.63 9403.17 4e+027 9.84745e+007
1.95881e+009 3.82445e+010 5.92357e+010 -15792.2 8623.12 2498.44 4e+027 9.84745e+007
-2.41286e+010 2.86935e+010 -6.05948e+009 -14257.3 10900.3 -13046.8 4e+027 9.84745e+007
-3.19026e+010 9.07522e+010 8.35241e+009 21280.9 6392.35 18692.6 8e+027 1.2407e+008
2.43615e+010 7.3391e+010 -2.48523e+010 9891.96 -6476.28 -8603.69 4e+027 9.84745e+007
2.04603e+010 1.50877e+011 -1.43752e+011 15549.7 14276.8 -294.178 4e+027 9.84745e+007
-9.56178e+010 3.04592e+010 6.43575e+009 3650.33 20630.3 11427.5 4e+027 9.84745e+007
-8.11637e+010 -2.78934e+010 -1.98725e+010 -11194.8 18328.9 -8948.56 4e+027 9.84745e+007
-9.97366e+010 -2.93354e+010 5.28824e+010 -16106.6 12463.6 -3830.69 4e+027 9.84745e+007
-1.91993e+010 5.21846e+010 -5.08917e+010 1606.59 -11085 12455.9 4e+027 9.84745e+007
-1.27014e+010 6.97375e+010 -4.67926e+010 -6360.67 -8279.87 -1270.29 4e+027 9.84745e+007
1.61862e+011 2.838e+010 -7.72603e+006 16077.3 -25695.7 8124.85 4e+027 9.84745e+007
9.74828e+010 1.54777e+011 1.70687e+010 16395.9 -10207.8 -19218.9 4e+027 9.84745e+007
-4.75296e+010 2.45909e+009 -8.27708e+008 23.0391 16540.1 -29991.8 4e+027 9.84745e+007
-1.28727e+011 5.03436e+010 -3.2756e+010 2860.37 36197.8 6768.01 8e+027 1.2407e+008
3.21541e+010 6.91669e+010 -3.78779e+009 18661.8 -15837.9 -16194.1 4e+027 9.84745e+007
1.57342e+011 3.26612e+010 7.16316e+010 23145.6 -11817.1 20521 4e+027 9.84745e+007
-2.30987e+010 1.32968e+010 1.75919e+010 -13842.5 2314.19 7222.81 1.6e+028 1.56319e+008
-9.39475e+010 6.61999e+010 -4.29143e+009 5457.84 20773.1 -16644.2 4e+027 9.84745e+007
2.03922e+009 7.85513e+010 5.8256e+009 9506.36 -10903.5 -3588.46 4e+027 9.84745e+007
1.14542e+010 -8.94483e+009 -1.28678e+010 -13275.8 464.708 14947.9 8e+027 1.2407e+008
-7.58847e+010 -1.67254e+010 7.97939e+010 -12993 19338.1 14960.9 4e+027 9.84745e+007
1.10774e+011 1.70772e+010 -4.75411e+010 -11384.4 4087.61 -12429.5 4e+027 9.84745e+007
-7.37548e+010 8.65662e+010 -9.24877e+008 16275.5 8050.01 -11157.4 8e+027 1.2407e+008
-9.00925e+010 1.29693e+011 -6.57935e+010 17402.7 25449.8 7813.46 4e+027 9.84745e+007
6.12858e+010 4.69364e+010 2.8015e+010 15188.5 -15454.5 23106.3 4e+027 9.84745e+007
-2.81457e+010 2.04423e+010 -1.93082e+010 -13723.6 3269.91 17800.9 4e+027 9.84745e+007
1.16158e+011 6.56252e+009 2.73745e+010 18206.4 -28598.6 3463.2 4e+027 9.84745e+007
-1.16683e+010 6.38314e+010 -6.50368e+009 16543.7 -604.591 -31225.3 4e+027 9.84745e+007
-4.02585e+010 -1.3766e+010 -2.01384e+010 -16405.1 30255.6 424.453 4e+027 9.84745e+007
-3.62882e+010 -1.20333e+011 -3.49435e+010 -20916.3 5544.36 5803.49 4e+027 9.84745e+007
6.93381e+010 1.30973e+010 1.41683e+010 -7102.45 -12366.4 -7639.66 4e+027 9.84745e+007
7.65822e+010 -2.73538e+009 -4.71764e+010 -6443.07 294.644 -7962.75 4e+027 9.84745e+007
-1.46985e+010 3.49513e+010 2.1057e+010 -1442.31 2573.62 -11397.2 4e+027 9.84745e+007
1.64856e+009 1.41591e+011 1.53175e+010 29801.9 9120.37 -12834 4e+027 9.84745e+007
-1.19051e+010 8.3672e+010 -2.23344e+010 30856.2 -11230.1 -1030.82 8e+027 1.2407e+008
1.39352e+011 8.66448e+009 1.94039e+010 22443.2 -22830.6 5187.93 4e+027 9.84745e+007
6.61583e+010 5.30193e+010 -2.81789e+010 4900.87 -27158.9 3268.59 4e+027 9.84745e+007
-2.11017e+009 2.28068e+010 2.71574e+009 -8291.73 -11699.3 17155.4 4e+027 9.84745e+007
1.09907e+011 1.37609e+010 2.56927e+009 10493 -10458 28.7003 8e+027 1.2407e+008
-2.72492e+010 1.21488e+011 -2.09276e+010 28139.4 4617.64 16513.1 4e+027 9.84745e+007
-2.61248e+010 -1.10856e+010 1.83293e+010 -26962 12440.5 11767.2 4e+027 9.84745e+007
1.3466e+011 4.57483e+009 1.0327e+010 11521.3 -31370.5 7014.57 1.6e+028 1.56319e+008
1.11332e+010 -1.07685e+011 -1.22275e+010 -26239.2 -22569 3424.46 4e+027 9.84745e+007
1.11893e+011 -1.07495e+011 3.34557e+010 -7286.81 -17857.3 -4324.94 4e+027 9.84745e+007
-4.66128e+008 3.69483e+010 2.7556e+009 -12669.4 -14261.1 -3824.99 4e+027 9.84745e+007
-5.36073e+010 1.56296e+010 3.98635e+010 -547.691 -18737.5 -3794.24 4e+027 9.84745e+007
-6.42403e+010 -7.87063e+010 -1.60553e+010 -26977.3 12545.3 -5653.06 8e+027 1.2407e+008
8.58574e+010 -1.39785e+011 -2.38707e+010 -19287.6 -21384.9 2193.54 4e+027 9.84745e+007
4.90289e+009 4.56945e+010 -2.49729e+010 14775.9 13999.5 -1552.1 4e+027 9.84745e+007
-1.2534e+011 5.33624e+010 -3.07355e+010 11514.9 30089 17464.4 4e+027 9.84745e+007
3.14494e+010 -1.22538e+011 -3.18173e+010 -26658.6 -9445.34 1199.9 4e+027 9.84745e+007
1.33524e+010 2.73468e+010 5.90873e+010 -8550.94 -22822.6 318.852 4e+027 9.84745e+007
-8.08372e+010 9.09194e+010 1.2233e+010 3028.97 5851.68 9270.87 4e+027 9.84745e+007
-3.61588e+009 4.0543e+010 6.63919e+010 9760.91 -13456.1 4437.47 4e+027 9.84745e+007
-1.58956e+011 -3.22232e+009 2.35957e+010 -12620.7 21968.6 -9713.32 4e+027 9.84745e+007
6.77664e+010 9.60546e+010 -1.00607e+010 19878.5 -9191.05 -24972.7 4e+027 9.84745e+007
-1.29655e+009 -1.18829e+010 -9.41433e+009 -14497.2 10774.4 18906.6 4e+027 9.84745e+007
9.20474e+010 8.49477e+009 -7.69516e+010 -4436.64 -931.176 -17077.3 4e+027 9.84745e+007
-2.19892e+010 4.92441e+009 -2.82045e+010 4029.73 1978.89 20116 4e+027 9.84745e+007
-2.25943e+010 9.66057e+009 7.51178e+009 -8485.09 -16387.7 -2008.18 4e+027 9.84745e+007
7.90648e+010 4.80568e+010 -2.7577e+010 22992.8 -22574.3 -12582.4 8e+027 1.2407e+008
1.33524e+011 6.80289e+009 7.84917e+009 15762.1 -7419.06 3363.79 8e+027 1.2407e+008
-6.47127e+010 8.81077e+010 -2.46969e+009 21229.4 19902 -6633.19 4e+027 9.84745e+007
-1.00453e+011 8.94092e+010 -1.64614e+010 10551.1 28332.5 23717.9 4e+027 9.84745e+007
1.35176e+011 4.95516e+008 -4.40276e+009 3711.88 -11671.6 3037.7 8e+027 1.2407e+008
-1.35184e+010 3.5796e+010 1.70517e+010 30822.4 18844.1 -1161.01 4e+027 9.84745e+007
-7.30833e+010 8.83715e+010 -3.30541e+009 13574.3 -4682.99 -28460.3 4e+027 9.84745e+007
-7.33078e+010 8.35223e+010 -7.59317e+010 18617.6 7215.26 13649.1 4e+027 9.84745e+007
-4.71877e+010 9.95039e+010 -1.81335e+009 23979.8 750.204 15077 8e+027 1.2407e+008
-2.03771e+011 5.59475e+010 1.94716e+010 -34460 34525.2 13879.1 4e+027 9.84745e+007
3.31256e+010 2.9838e+010 -6.29872e+009 5275.56 -18697.5 -4894.34 4e+027 9.84745e+007
1.94752e+010 1.30809e+011 -2.90079e+010 8558.44 -10274 -14682.7 4e+027 9.84745e+007
-6.01799e+010 7.49431e+010 -9.15083e+009 3129.37 22163.6 -653.993 4e+027 9.84745e+007
2.43503e+010 -1.23804e+011 3.12166e+010 -15785.7 -9168.76 5207.04 4e+027 9.84745e+007
-1.38849e+010 9.29653e+010 -3.02405e+010 24811.5 -2559.8 16271 4e+027 9.84745e+007
1.53469e+010 1.28582e+011 2.50743e+010 28914 -3117.55 -10468.6 4e+027 9.84745e+007
-5.58219e+010 8.57894e+010 2.19701e+010 3911.9 26718.9 18896.9 4e+027 9.84745e+007
1.56274e+011 2.28403e+011 6.38765e+008 31432.7 4329.7 1764.25 4e+027 9.84745e+007
6.74421e+010 -2.58367e+010 7.31208e+010 -10969.6 -4774 18159.7 4e+027 9.84745e+007
-1.16203e+011 -9.87564e+010 2.21733e+010 -17353.3 5520.9 11006.8 4e+027 9.84745e+007
-2.61598e+010 1.51034e+010 2.40614e+010 -11166.1 12393.6 29653.4 4e+027 9.84745e+007
-1.68133e+009 5.36335e+008 2.34223e+010 -10406.2 -29533 -9574.09 4e+027 9.84745e+007
2.9901e+010 6.91741e+009 9.16108e+009 -15888.7 -8514.41 2301.34 4e+027 9.84745e+007
-1.9615e+011 1.08736e+011 1.31283e+010 3523.32 26951.2 2128.72 4e+027 9.84745e+007
-2.74136e+010 7.50906e+009 -2.54711e+010 -16100.8 -1664.07 -21698.3 4e+027 9.84745e+007
-1.56769e+010 2.42423e+010 -2.99173e+010 -8912.15 15163.6 2566.74 4e+027 9.84745e+007
1.15335e+011 1.8665e+011 7.48878e+009 22814.5 396.237 6142.28 4e+027 9.84745e+007
-5.40782e+010 7.16471e+010 4.51806e+010 5816.41 25211 6417.16 4e+027 9.84745e+007
-3.11589e+010 4.46532e+010 -2.44036e+010 -13896.9 23082.1 3651.31 4e+027 9.84745e+007
1.10948e+010 2.87996e+010 5.98464e+010 2877.1 13057.2 -6099.91 4e+027 9.84745e+007
-1.57244e+010 3.07754e+010 1.80474e+010 -1833.71 2862.35 1005.65 4e+027 9.84745e+007
1.23647e+010 2.32838e+010 7.0576e+010 2289.8 -6998.08 -5786.98 8e+027 1.2407e+008
-9.87959e+010 -3.0941e+010 3.73808e+010 560.898 20195.5 15734.4 4e+027 9.84745e+007
-3.3037e+010 -1.40835e+010 5.95616e+010 -8774.24 -7044.35 -7718.51 4e+027 9.84745e+007
-6.43404e+010 1.02529e+011 4.70147e+009 23888.1 3582.77 -21826.3 4e+027 9.84745e+007
-2.82512e+010 -1.27751e+009 -2.98452e+009 16450 176.077 2571.22 4e+027 9.84745e+007
1.10841e+011 1.33852e+010 4.73268e+009 5693.98 -29956.6 5439.03 4e+027 9.84745e+007
2.60122e+010 4.77496e+010 2.55299e+010 -1575.98 -4444.91 5386.86 4e+027 9.84745e+007
1.18132e+011 1.96476e+009 -6.0841e+009 3251.83 -18675.1 1253.06 4e+027 9.84745e+007
1.59047e+011 2.30257e+011 -5.79051e+009 23222.9 5389.92 3593.79 4e+027 9.84745e+007
3.04772e+009 -1.83043e+011 -1.2668e+010 -24911.5 -12357.5 -6369.52 4e+027 9.84745e+007
9.32998e+010 8.12247e+010 -3.54821e+010 8919.89 -16444.5 -10575 4e+027 9.84745e+007
7.38582e+010 -4.80621e+010 -5.10846e+009 -19491.2 -11936.8 -4298.19 4e+027 9.84745e+007
2.66287e+011 -9.24071e+010 -7.5401e+008 20568 -25407.6 -8688.88 4e+027 9.84745e+007
2.14938e+010 -5.60758e+009 -5.37048e+010 -6609.61 -17666.1 -4563.45 4e+027 9.84745e+007
-3.58952e+010 -1.58888e+011 -1.91512e+010 -23665.6 -3098.07 6754.44 4e+027 9.84745e+007
5.33136e+010 -3.62233e+010 2.07997e+010 -5887.77 -13067.2 -14742 4e+027 9.84745e+007
-1.931e+010 -1.70995e+011 -2.69852e+010 -31914.9 -10823.4 -2583.65 4e+027 9.84745e+007
-1.83681e+010 1.16083e+010 -4.96855e+010 7329.89 14341.4 -3048.75 4e+027 9.84745e+007
1.49714e+011 2.97347e+009 3.37093e+009 6077.18 -30002.9 -15008.3 4e+027 9.84745e+007
1.22198e+011 -9.40752e+009 1.25354e+010 -4436.58 -38022.3 20660.4 4e+027 9.84745e+007
1.58213e+010 3.20429e+010 4.69744e+010 -19118.5 -5635.58 11432.4 4e+027 9.84745e+007
1.02571e+011 -1.49154e+010 4.05893e+010 -5968.12 -272.544 -2874.85 4e+027 9.84745e+007
8.89958e+010 1.47142e+011 1.33767e+010 8131.3 985.182 -22368 4e+027 9.84745e+007
-1.61877e+011 -2.91026e+010 2.77798e+010 -25090.2 19661 -17000.9 4e+027 9.84745e+007
-9.78082e+010 -2.02941e+010 1.43179e+010 -1236.97 17055.7 -15634.9 4e+027 9.84745e+007
-6.10498e+009 9.32422e+009 6.43283e+010 -10229.3 3828.01 2286.67 4e+027 9.84745e+007
-1.14774e+011 4.33763e+010 9.46832e+009 -9658.94 35238 6784.35 8e+027 1.2407e+008
-2.17018e+011 -2.15027e+010 -4.48597e+010 -15999 25224 -4976.79 4e+027 9.84745e+007
7.21209e+010 -8.41324e+009 2.62111e+010 -8795.61 -13655.6 -9310.22 4e+027 9.84745e+007
-7.13146e+010 5.18358e+010 2.68254e+010 2366.52 18761.6 13913.9 4e+027 9.84745e+007
-4.3e+010 3.77074e+010 -6.58551e+009 11256.1 8023.4 10817.7 4e+027 9.84745e+007
-1.56236e+011 7.30359e+010 -3.12493e+010 7728.32 29444.7 -2280.23 4e+027 9.84745e+007
-7.75847e+010 9.5385e+010 1.03376e+009 18692.4 19931.9 3460.92 4e+027 9.84745e+007
-4.08275e+010 1.19576e+010 -2.82023e+010 16215.1 12330.7 7598.99 4e+027 9.84745e+007
-1.45938e+011 -3.08585e+010 1.00364e+010 -21695.7 23681.5 -14395.7 4e+027 9.84745e+007
9.39598e+009 -4.29122e+010 -3.67265e+010 -23970.8 4409.71 4267.03 4e+027 9.84745e+007
2.32393e+010 3.04445e+008 -4.27799e+010 -4111.18 9461.84 2327.59 4e+027 9.84745e+007
-3.22394e+010 -2.13425e+010 3.98635e+010 -32414.6 11154.8 5266.1 8e+027 1.2407e+008
2.27037e+010 9.00588e+010 -2.6806e+010 19592.5 -6334.12 -9305.4 4e+027 9.84745e+007
-2.98641e+010 5.40586e+010 4.15563e+010 -12921.7 25050.8 -12039.2 4e+027 9.84745e+007
5.99705e+010 8.79702e+009 1.14258e+010 -4482.1 -10905.5 -4878.93 4e+027 9.84745e+007
-1.41756e+009 2.36037e+010 -4.55335e+010 -6206.73 -9919.32 10091.2 4e+027 9.84745e+007
2.08325e+011 1.44652e+011 4.25016e+010 26522.7 -7747.44 5289.81 4e+027 9.84745e+007
1.13006e+011 -1.74221e+010 2.24681e+010 4198.06 -12431.4 -8681.83 4e+027 9.84745e+007
-2.96953e+010 9.75705e+010 8.24128e+010 6918.48 10741.7 -16087.5 4e+027 9.84745e+007
-6.9625e+010 -9.93022e+010 -1.45853e+010 -25917.3 5403.75 8499.03 4e+027 9.84745e+007
4.19126e+010 5.42936e+010 -1.99876e+010 5472.28 -21041.5 1879.42 4e+027 9.84745e+007
-1.58485e+011 1.66737e+011 -3.946e+010 10417.8 19212.2 759.569 4e+027 9.84745e+007
3.13436e+010 1.26208e+011 -2.17475e+010 28335.2 -7143.78 5266.27 4e+027 9.84745e+007
-3.18828e+010 6.37408e+010 -4.19515e+010 5205.25 12827.7 -1605.56 4e+027 9.84745e+007
-6.36538e+010 -1.17931e+009 -4.67737e+010 7293.47 30013.7 -1290.62 4e+027 9.84745e+007
8.21218e+010 2.66922e+011 -2.57624e+010 23398 9952.76 2250.88 4e+027 9.84745e+007
-9.22649e+010 9.96867e+010 -1.351e+010 10821.2 38542.3 -1288.09 4e+027 9.84745e+007
3.5193e+010 5.02538e+010 5.82027e+010 -6317.01 -17803.7 5204.86 4e+027 9.84745e+007
6.91915e+010 1.13407e+010 1.62395e+009 -13512.1 -11492.7 -8657.24 4e+027 9.84745e+007
-8.86725e+010 -2.86581e+010 -3.44437e+009 -7832.48 33237.2 -12208.8 4e+027 9.84745e+007
-1.91134e+010 7.12122e+010 -8.58417e+008 22127.4 10229.3 -19234.7 4e+027 9.84745e+007
-1.76253e+011 1.26131e+011 -1.07049e+011 -2812.07 30336.8 -1934.17 4e+027 9.84745e+007
-3.6047e+010 -1.3013e+010 2.01648e+010 -10115.3 19688 -4624.78 4e+027 9.84745e+007
1.54917e+010 2.09156e+010 -7.28623e+009 2656.01 -30077.7 -6636.43 4e+027 9.84745e+007
-3.30835e+010 1.6855e+010 2.29135e+010 -21984.8 18409.1 4782.24 4e+027 9.84745e+007
-1.10903e+010 9.52761e+010 -2.10359e+010 30670.1 -8651.96 11678.5 4e+027 9.84745e+007
-7.69585e+010 2.96775e+010 -3.73581e+010 -14841.6 18734.3 -7472.18 4e+027 9.84745e+007
-1.25148e+011 8.13227e+009 -1.92656e+010 -9944.24 16703.6 -28196.1 4e+027 9.84745e+007
3.38233e+010 6.97043e+010 -4.82014e+009 21653.6 -578.687 10642 4e+027 9.84745e+007
-1.23087e+010 -1.79776e+011 -1.47448e+010 -27492.4 -5096.06 -8908.98 4e+027 9.84745e+007
8.10925e+010 1.39347e+011 -4.12681e+010 14141.8 1565.31 16157.7 4e+027 9.84745e+007
-2.7966e+010 5.54665e+009 1.15023e+010 8934.51 7581.41 5724.27 4e+027 9.84745e+007
-3.061e+010 6.1588e+010 -5.5577e+010 -2165.41 -5271.3 -439.919 4e+027 9.84745e+007
9.99428e+010 1.407e+010 -3.65593e+009 -5208.96 -11759.4 21962.5 4e+027 9.84745e+007
-3.38498e+010 2.97159e+010 -1.31827e+010 16315.6 10094 -24572.4 4e+027 9.84745e+007
6.05826e+010 -7.88715e+010 3.33447e+010 -19324.4 -8352.12 13362.8 4e+027 9.84745e+007
2.43788e+010 1.10789e+011 -8.86426e+010 20704.2 3753.15 14922.9 4e+027 9.84745e+007
5.71617e+010 1.94214e+011 2.79962e+010 25235.6 -3277.52 -2179.23 4e+027 9.84745e+007
9.37154e+010 1.25579e+010 -3.98953e+009 -6219.54 -12975.7 -6119.9 4e+027 9.84745e+007
2.61596e+011 1.8702e+011 -1.85919e+010 36123 4992.02 9064.97 4e+027 9.84745e+007
-4.77735e+010 -2.1254e+009 -4.51703e+010 13794.9 15438.2 -2118.47 4e+027 9.84745e+007
-4.2054e+010 2.25119e+010 8.43254e+010 2175.46 24455.9 8293.06 4e+027 9.84745e+007
-9.46706e+010 6.99201e+010 -2.10829e+010 65.7355 37828.8 -7554.9 4e+027 9.84745e+007
-1.18239e+011 3.72748e+010 3.18977e+010 -5614.23 26705.7 22533.1 4e+027 9.84745e+007
1.40578e+011 -2.52889e+009 9.64719e+009 -2274.13 -13133.5 -20144.5 4e+027 9.84745e+007
1.88313e+010 -5.54063e+010 -2.6331e+010 -24878.6 -4883.19 -808.165 4e+027 9.84745e+007
2.1236e+010 3.86744e+010 6.47403e+010 1744.9 -7890.99 7812.24 4e+027 9.84745e+007
-8.2703e+010 8.13611e+010 1.14367e+009 19209.7 36281.9 23053.9 4e+027 9.84745e+007
1.2702e+010 -3.52905e+010 -1.73737e+010 -31102.8 1975.89 -785.168 4e+027 9.84745e+007
-1.22288e+011 1.38252e+011 5.16125e+009 14505 25605.8 -9478.5 8e+027 1.2407e+008
8.75113e+010 2.42348e+011 2.05409e+009 28805.9 7052.06 -4108.91 4e+027 9.84745e+007
-4.5425e+010 2.52385e+010 5.15475e+010 5368.11 -4455.5 365.193 4e+027 9.84745e+007
-8.64243e+010 1.06559e+011 3.76845e+010 17876.9 24340.5 17712.5 4e+027 9.84745e+007
-8.86791e+010 -1.6469e+010 -3.30739e+010 4729.35 14745.6 -15672.2 4e+027 9.84745e+007
9.09042e+010 1.50431e+011 2.05969e+009 9403.09 -6459.11 -17105.3 4e+027 9.84745e+007
-1.05627e+011 1.73745e+011 1.00561e+010 14057.1 20573.1 217.238 4e+027 9.84745e+007
-1.59989e+011 2.46442e+010 -6.01348e+009 -5737.35 31400.6 -130.986 4e+027 9.84745e+007
-2.77618e+010 1.05416e+011 -1.73801e+010 39031.8 5873.22 6482.82 4e+027 9.84745e+007
7.66278e+010 8.38932e+009 2.76501e+009 -19921.8 -4488.46 -6993.14 4e+027 9.84745e+007
7.2718e+010 9.38801e+010 -1.08634e+010 21589.1 -22577.2 -5227.19 4e+027 9.84745e+007
4.75717e+010 -7.42263e+009 1.17846e+010 5769.37 -11736.2 17321.4 4e+027 9.84745e+007
-1.51612e+011 -5.29446e+010 4.8345e+010 -20050.7 10165.8 -12839.9 4e+027 9.84745e+007
-1.19146e+010 1.18978e+010 -4.53208e+010 7903.98 20186.2 7514.78 4e+027 9.84745e+007
1.22372e+011 3.14457e+010 5.78769e+010 15202.9 -23857.4 -5770.01 4e+027 9.84745e+007
2.15524e+010 8.11041e+010 -4.27681e+010 8267.75 -3578.16 -6258.05 4e+027 9.84745e+007
9.0934e+010 1.56694e+011 6.30511e+009 13552.8 -41.3332 -11845.1 4e+027 9.84745e+007
-8.04356e+010 6.67656e+009 3.53072e+010 -635.583 29550.8 13361.3 4e+027 9.84745e+007
-2.97332e+010 1.87243e+010 8.08632e+009 14569.1 1234.73 15191.4 4e+027 9.84745e+007
3.62458e+010 3.30328e+010 2.30454e+010 20447.7 -3964.18 11609.4 4e+027 9.84745e+007
-7.82672e+010 1.02763e+011 2.28868e+009 18774.4 22846.5 -8865.63 8e+027 1.2407e+008
-6.44526e+010 -4.58371e+010 5.72633e+008 -16516 6278.18 3122.08 4e+027 9.84745e+007
-1.68679e+010 7.75352e+010 -1.95465e+010 13228.2 -6185.81 -467.618 4e+027 9.84745e+007
9.42851e+010 3.80512e+010 1.83408e+010 613.178 -25042.1 -9944.07 4e+027 9.84745e+007
-1.56574e+010 8.03069e+010 -2.48411e+010 27927.5 13123.8 -16269.5 4e+027 9.84745e+007
1.47152e+011 2.32869e+010 5.13411e+010 -1831.95 -16121.5 1639.37 4e+027 9.84745e+007
-1.29043e+011 9.60599e+009 4.28753e+010 -18584.5 23391.7 11001.5 4e+027 9.84745e+007
-5.95575e+010 4.54094e+010 -1.39299e+010 10868.7 13562.8 5293.39 4e+027 9.84745e+007
8.33711e+009 -1.2557e+011 -2.39593e+010 -24082.6 -2442.51 280.411 4e+027 9.84745e+007
6.65856e+010 1.9559e+011 2.14274e+010 22813.7 3068.6 7035.18 4e+027 9.84745e+007
-1.0432e+011 6.72253e+010 -7.59303e+009 9405.02 34318.7 -13747.2 4e+027 9.84745e+007
2.97158e+010 9.83716e+010 4.47657e+009 31592.4 -10489.3 2.44358 4e+027 9.84745e+007
-7.27519e+009 -6.71185e+010 1.63249e+010 -17179.1 -11163.7 -14662 4e+027 9.84745e+007
1.10426e+011 1.89172e+010 3.70674e+007 -8452.67 -10090 27522.5 4e+027 9.84745e+007
-2.18947e+010 8.33092e+010 -1.64144e+010 21268.1 8880.47 -27469.6 4e+027 9.84745e+007
1.48466e+011 2.24916e+010 5.23177e+010 4510.44 -34791.3 204.777 4e+027 9.84745e+007
-1.60857e+010 -2.80825e+010 2.07683e+010 -5208.79 12083.1 -18787 4e+027 9.84745e+007
-5.91915e+010 7.86714e+009 -3.98825e+010 4147.41 22111.8 11490.2 4e+027 9.84745e+007
1.61308e+009 -4.78774e+010 1.07022e+010 -4869.1 8300.11 9944.62 4e+027 9.84745e+007
-3.8673e+010 -7.20562e+009 -7.69555e+008 -7225.6 10130.6 9665.45 4e+027 9.84745e+007
3.28757e+010 9.64448e+010 -3.42519e+010 5097.67 982.158 -16797.2 4e+027 9.84745e+007
-3.44917e+010 -1.92757e+008 3.16712e+010 -7276.7 9623.76 14763.6 8e+027 1.2407e+008
1.30592e+011 -5.36041e+010 -6.00512e+010 -3325.17 -11010.1 -7442.19 4e+027 9.84745e+007
-1.26881e+011 3.12822e+010 1.08492e+010 630.629 22479.4 3728.4 4e+027 9.84745e+007
1.59406e+011 -6.19905e+010 -5.3945e+010 3372.24 -15463.8 12362.8 4e+027 9.84745e+007
-8.17676e+010 8.94371e+010 -4.3025e+010 -4013.41 23777 -14214 4e+027 9.84745e+007
1.26611e+011 3.80789e+010 -3.22837e+010 12276.1 -34871.7 -10688.8 4e+027 9.84745e+007
-1.7603e+011 7.72946e+010 1.19781e+010 3703.33 31121.9 1300.55 4e+027 9.84745e+007
-1.00292e+011 -4.48979e+010 5.31214e+010 -22113.3 12541.2 -5615.92 4e+027 9.84745e+007
3.98663e+010 9.7908e+009 -1.07136e+010 -13738.8 -8991.41 753.657 4e+027 9.84745e+007
4.08763e+010 -3.40343e+010 1.79286e+010 -20006.8 -1251.75 5797.4 4e+027 9.84745e+007
-3.67291e+010 2.10319e+010 -3.21199e+010 13105.3 23649.8 -6194.3 4e+027 9.84745e+007
-3.13365e+010 8.44852e+009 2.04746e+010 8410.2 38660.2 7666.06 4e+027 9.84745e+007
-8.32721e+010 8.20001e+010 -1.15373e+010 3435.62 9995.74 -3708.25 4e+027 9.84745e+007
2.04888e+011 4.0316e+010 2.96381e+009 29549.2 -30357.7 -3631.32 4e+027 9.84745e+007
2.63085e+011 7.84467e+010 6.99609e+010 28763.7 -12212.7 13882 4e+027 9.84745e+007
9.30756e+010 -1.68859e+010 1.85775e+010 -13870 -5565.41 350.91 4e+027 9.84745e+007
-4.54754e+010 2.07369e+010 1.31383e+010 1132.74 14632.3 3489.94 4e+027 9.84745e+007
-6.8921e+008 9.75793e+010 -9.29517e+009 16655.3 -14138.3 2010.61 4e+027 9.84745e+007
1.5444e+011 -2.23968e+010 1.07042e+010 18372.1 -33117.2 15169.6 4e+027 9.84745e+007
3.80976e+010 1.06828e+010 5.69926e+010 -17784.8 -4073.14 4510.62 4e+027 9.84745e+007
-6.38701e+010 1.00181e+011 1.12389e+010 22426 7795.67 -20138.6 4e+027 9.84745e+007
-9.50768e+010 4.5545e+010 3.26063e+010 -1110.26 25141.8 17272.9 4e+027 9.84745e+007
-9.22704e+010 9.02386e+010 1.93587e+010 2971.18 25844.7 19775.2 4e+027 9.84745e+007
-4.2384e+010 1.57246e+010 -3.32229e+010 17083.1 27784.8 -6540.41 4e+027 9.84745e+007
-1.95107e+009 9.94695e+010 -1.64157e+010 22634.1 -3614.25 1314.72 4e+027 9.84745e+007
7.73303e+010 -6.18106e+010 -1.52514e+009 -15563.7 -9024.97 -4422.27 4e+027 9.84745e+007
2.58271e+008 -1.19902e+011 -1.68705e+010 -19985 -1223.76 5014.98 4e+027 9.84745e+007
2.48742e+010 7.47124e+010 -9.17653e+009 12022 -14115.4 -2889.88 4e+027 9.84745e+007
8.06325e+010 -6.24866e+010 7.04737e+008 -16998.4 -10660.8 -9721.92 4e+027 9.84745e+007
1.48267e+011 3.12783e+010 2.70913e+009 5401.02 -22981.4 3088.22 4e+027 9.84745e+007