500
22010807008.92689 -17417122540.871178 -120863548536.92874 -4311.8670634580585 -5449.101799634953 0 4e+27 98474502.18426955
58864074224.75045 -77498732197.51497 -46987848039.2402 -14753.562236662956 -11206.051479204081 0 4e+27 98474502.18426955
50887045633.25245 -113962245648.40717 20098007341.08924 -22829.837513802344 -10194.103992551818 0 4e+27 98474502.18426955
-80346733371.60756 -4409682273.227356 1779637362.4978435 -950.4431277543208 17317.574337314596 0 4e+27 98474502.18426955
19180961054.63466 44785638520.032845 96055614322.73813 8024.8115699051505 -3436.896364094072 0 4e+27 98474502.18426955
59526569006.3323 27138899353.9223 -16055175001.232735 5049.032657948252 -11074.568169071463 0 4e+27 98474502.18426955
-116246568491.79184 -30826636708.300194 -52989607252.78321 -5894.1818271039465 22226.829931240165 0 4e+27 98474502.18426955
69994558864.0215 -108250407315.54655 -65153259300.64773 -21273.964985270104 -13755.715395065925 0 4e+27 98474502.18426955
114088101895.4266 37022743980.61082 -35891984839.936516 7467.314264193955 -23011.036434919508 0 4e+27 98474502.18426955
-60064859075.76117 -49004074549.76069 -3011641576.4747553 -9817.73571739939 12033.71184389689 0 4e+27 98474502.18426955
1134447292.3180525 -65457914323.6859 37536420407.73253 -13995.888467761162 -242.5619260846478 0 4e+27 98474502.18426955
89477356136.37764 -7662149146.920083 98554297736.50269 -1510.1734814279362 -17635.565144246353 0 4e+27 98474502.18426955
54192407728.20304 -96653461031.08218 26596344270.81733 -19874.824550564175 -11143.569863724872 0 4e+27 98474502.18426955
-1223854023.0291805 64347538795.5053 -31844454517.082886 12993.882047393608 247.13633366782503 0 4e+27 98474502.18426955
-118563672187.50917 5208478163.297203 53757110818.14005 1088.4382478913985 24776.764262682173 0 4e+27 98474502.18426955
26215102812.18118 10061226889.787989 -72541389839.97505 2355.07772287426 -6136.2898692295785 0 4e+27 98474502.18426955
50641171797.028564 85426500228.64363 76275659484.1693 16248.852256511354 -9632.384756769192 0 4e+27 98474502.18426955
-71219183482.08093 -10785676263.707012 58230473559.08893 -2304.292579952545 15215.53512599439 0 4e+27 98474502.18426955
87124011255.66579 -16568184174.26017 -80054030019.10594 -3268.722729181445 -17188.620844237535 0 4e+27 98474502.18426955
114397676245.99994 -66220788188.376335 37353151970.01241 -13393.709639106677 -23137.889187740013 0 4e+27 98474502.18426955
90999208015.95099 47298583009.28113 -31375274473.18369 9836.702356171641 -18925.136165804626 0 4e+27 98474502.18426955
-138031310813.5523 17599950646.18236 -19187962693.20082 3480.8417096886496 27299.232457054048 0 4e+27 98474502.18426955
-11124730400.911186 -73391739369.26213 -55340660397.68384 -14544.860398196293 2204.712029438447 0 4e+27 98474502.18426955
51495663099.41663 44444616469.978195 -75958185649.55943 7991.852688667238 -9259.743615377338 0 4e+27 98474502.18426955
17428425587.3027 25788626820.04305 30056570396.25802 4834.22846653601 -3267.059998540188 0 4e+27 98474502.18426955
-27149180943.16279 -19433876882.117294 32129020056.60969 -3488.292920089038 4873.155070638334 0 4e+27 98474502.18426955
37497880466.64031 -36623436439.79742 -107606707861.59296 -6815.41475452861 -6978.143851028092 0 4e+27 98474502.18426955
-20227249746.391983 12211011373.002234 -51179625857.72083 2064.770136650049 3420.2425947494703 0 4e+27 98474502.18426955
-37262210883.74883 38066995476.413315 -86252692654.06598 7392.131911062696 7235.852861599682 0 4e+27 98474502.18426955
-92649336906.81569 94198211118.68153 -59612831055.65014 19412.313416688983 19093.122305873887 0 4e+27 98474502.18426955
54619237633.3106 26986618459.639168 115813852118.35793 5127.6863694392905 -10378.118353003796 0 4e+27 98474502.18426955
95900096341.48259 40982689927.296486 36817058933.39478 7710.758424548923 -18043.28796113556 0 4e+27 98474502.18426955
46398173602.90962 116170022169.83633 38998292183.113525 23861.173908869496 -9530.125489469072 0 4e+27 98474502.18426955
-16229726995.712667 -72366060707.8758 -72621684271.68578 -14482.90696322563 3248.119682323353 0 4e+27 98474502.18426955
-14450588873.732285 -128520349426.54227 59263440459.01928 -26761.505959535163 3009.013918719653 0 4e+27 98474502.18426955
-7525499555.5044 -58907773710.84754 112658401451.51007 -10274.1283259651 1312.5253812810085 0 4e+27 98474502.18426955
33906548400.33428 -68967810327.07771 -11712156765.619907 -12460.64832188419 -6126.011155375655 0 4e+27 98474502.18426955
-122344452731.83606 -15041880134.448238 2950154216.5688567 -3001.360207924644 24411.826766835205 0 4e+27 98474502.18426955
72679811242.34355 14264834882.86343 97544342396.24763 2753.1109254023227 -14027.192325082748 0 4e+27 98474502.18426955
67734333269.08439 57558861677.5332 -29031803941.983227 11788.903153016496 -13872.989697345954 0 4e+27 98474502.18426955
-76518439458.72324 41751115077.7907 95155566215.26009 7815.104445500096 14322.961081695774 0 4e+27 98474502.18426955
-13667840687.623089 108301848107.52997 69709978200.65309 21240.03931237641 2680.5218802192167 0 4e+27 98474502.18426955
-105329792304.22945 -38860213111.95333 -52858804399.29367 -7985.030091068205 21643.256525953726 0 4e+27 98474502.18426955
-15140831225.013918 47927331831.34737 -123837056174.28189 9133.342300064965 2885.3347140663573 0 4e+27 98474502.18426955
11019000982.931149 41103753857.33934 -62748429757.523605 8650.61864673238 -2319.0382003099317 0 4e+27 98474502.18426955
31071339544.4591 125851097564.34297 -42971659108.66914 25663.093634492194 -6335.953452220628 0 4e+27 98474502.18426955
5852552273.619405 82324863157.7346 103751048681.93256 17408.459224866652 -1237.583807719112 0 4e+27 98474502.18426955
-101631534393.43924 36226179982.5205 -62806310738.05967 7305.345247605824 20494.941700898093 0 4e+27 98474502.18426955
-19731079983.323895 98430918979.20505 108091029966.02463 19071.636389902505 3823.026208883985 0 4e+27 98474502.18426955
-35935917342.568115 38766353563.16108 -50040609265.433655 6829.457155470706 6330.820035310885 0 4e+27 98474502.18426955
-60914644386.59143 -89358775014.40562 5568558302.596227 -17781.733086950524 12121.56217891594 0 4e+27 98474502.18426955
99145892848.31798 -6267957115.906953 -63257890858.64969 -1260.818002777431 -19943.48785306162 0 4e+27 98474502.18426955
33479432253.698936 129837145061.19666 -38357210247.36664 25208.00142823553 -6500.062641318671 0 4e+27 98474502.18426955
-52122477245.20719 -23672548581.3301 -127035732186.75732 -5230.409989452119 11516.374112474396 0 4e+27 98474502.18426955
-118682329896.07745 -7423617630.02799 90917993364.70952 -1553.6332667143224 24838.134867274202 0 4e+27 98474502.18426955
3884528679.251609 40666997302.872345 975149180.8564938 8322.745664693512 -794.9921648711312 0 4e+27 98474502.18426955
74083036112.68416 114105794263.85504 9404344545.400534 22118.211706609105 -14360.21971697335 0 4e+27 98474502.18426955
-17359157589.21995 25758412366.381256 77156010746.80191 5271.538405237009 3552.6050523815898 0 4e+27 98474502.18426955
37138548692.10488 96726911605.21638 -95283386543.64447 19162.336847585688 -7357.428953931343 0 4e+27 98474502.18426955
-86385043168.7811 49424008374.93276 86079635711.20432 9309.921978894643 16272.213413849639 0 4e+27 98474502.18426955
25752383950.017353 -112278049291.19188 27893043625.804947 -20889.734615495552 -4791.323591996286 0 4e+27 98474502.18426955
115766514347.69202 -2580568225.7958317 -79682901372.63533 -492.9386745925774 -22113.65371948465 0 4e+27 98474502.18426955
72234011460.27986 54646368493.83896 74845680699.88254 11661.341268149705 -15414.481913848116 0 4e+27 98474502.18426955
-45155636686.824585 11439127541.44154 -83461718540.36176 2378.5577203486973 9389.290212002694 0 4e+27 98474502.18426955
48544422784.301544 80450247863.15857 -14210654203.089401 15302.533047827816 -9233.689810478289 0 4e+27 98474502.18426955
87262673621.77466 -19598664503.53659 -35802081992.12019 -3653.822901732585 -16268.575610757605 0 4e+27 98474502.18426955
-33640518608.28191 60855351485.29406 -129942601352.456 13080.741106096215 7230.964966098109 0 4e+27 98474502.18426955
-27808221046.369263 -142670443085.2629 -29676789131.516735 -27083.41629178147 5278.890361913323 0 4e+27 98474502.18426955
-98490438487.04262 -71463948792.24997 42451538968.24946 -14929.14188529999 20575.097729247336 0 4e+27 98474502.18426955
81903028133.03772 89782701806.53104 -852187229.2458266 17939.81029539654 -16365.343855338731 0 4e+27 98474502.18426955
-86526379487.71022 26182736151.610065 4672984971.65034 5566.0062187691265 18394.042682454976 0 4e+27 98474502.18426955
1914772889.716676 -103691729180.4988 12306024957.585548 -20699.04502694124 -382.22884866371567 0 4e+27 98474502.18426955
-12879061201.544605 -77630882389.51982 32486397966.975666 -14127.940594959324 2343.8431455834066 0 4e+27 98474502.18426955
50975124956.306786 -19296378395.886772 -13506825623.1892 -4365.22666081709 -11531.592609377158 0 4e+27 98474502.18426955
76460768961.714 64435330791.80937 68772658547.03587 12445.860897163751 -14768.607267065236 0 4e+27 98474502.18426955
72243352461.81392 -35442697692.75471 54411587258.62727 -7315.554454261991 -14911.398208858103 0 4e+27 98474502.18426955
-187593495.60462102 39839775205.80718 106627687566.61534 9079.364745199371 42.751992490485755 0 4e+27 98474502.18426955
27027296481.443497 14353953396.354002 93286932605.12329 2960.070112385215 -5573.565018931731 0 4e+27 98474502.18426955
-94070387449.12465 5719186119.880171 -64079093813.921394 1118.9938876882115 18405.449020469692 0 4e+27 98474502.18426955
-130078333832.89317 -10878646355.028454 -61933576596.70504 -2144.7885095807906 25645.701371774558 0 4e+27 98474502.18426955
-51481207171.154434 55424889739.412994 28330319344.191067 11457.092798266709 10641.878959071371 0 4e+27 98474502.18426955
-73643986400.76643 -44377464197.16443 -108924993907.79762 -9371.83128047444 15552.466276647625 0 4e+27 98474502.18426955
10272240185.296133 -131592397943.45546 60455679757.42702 -25084.50165099057 -1958.1224289122965 0 4e+27 98474502.18426955
115840580182.1607 -75852642883.54648 -20619468877.107426 -15013.433885570754 -22928.204288163004 0 4e+27 98474502.18426955
-73881734928.5732 -68258715950.857895 -88647130594.5238 -13085.198889333005 14163.13187791824 0 4e+27 98474502.18426955
18298211815.123745 27378539837.820213 84673858423.88812 5837.789877013293 -3901.636695548449 0 4e+27 98474502.18426955
22171175971.961033 67760483234.46631 31338233130.824013 13909.996024699569 -4551.339584839688 0 4e+27 98474502.18426955
4688601833.519323 98712080752.31793 -17609663919.366802 19062.54996198836 -905.4282517617137 0 4e+27 98474502.18426955
-36309271155.52396 -37927616420.77242 2297305637.781477 -7761.071926773623 7429.912334074625 0 4e+27 98474502.18426955
-48242432009.684425 -66073795196.66106 -122706469479.09428 -12879.108226348579 9403.417816483867 0 4e+27 98474502.18426955
4168663028.624031 140103736967.1159 10467171000.46175 28171.532234719398 -838.219075584893 0 4e+27 98474502.18426955
-32526753335.50643 144304075549.1075 15386765138.457136 28461.523760823122 6415.348696135108 0 4e+27 98474502.18426955
60167984251.95958 107223276443.41615 29746120327.37669 20686.514250258962 -11608.168533204202 0 4e+27 98474502.18426955
-26179353630.058777 17396354347.25919 26600670320.082043 3781.9036156902966 5691.295438894814 0 4e+27 98474502.18426955
-111965064843.9109 63685821658.9335 25142663071.333714 12011.81046498051 21117.779476990618 0 4e+27 98474502.18426955
-61156957455.340645 -18590150311.23844 11334300410.047848 -4028.4956008841796 13252.745671634539 0 4e+27 98474502.18426955
109078050160.6004 -48131784184.0876 5443068043.161859 -10139.051406416922 -22977.497648127453 0 4e+27 98474502.18426955
-2068973491.7467728 -128283814950.19478 29532734702.590523 -26561.270251663933 428.38267695071664 0 4e+27 98474502.18426955
-3374415425.059074 -2935206740.5484905 123616495658.69554 -641.7137826766369 737.7364111437032 0 4e+27 98474502.18426955
-35281423254.40361 97947977785.33588 -50543579926.085106 18475.843936218345 6655.104930544234 0 4e+27 98474502.18426955
38105246224.61593 -41327308777.22241 -20962892441.27748 -8607.233805313213 -7936.175211221711 0 4e+27 98474502.18426955
-108712314224.45938 14894343377.033258 31915227710.42843 3141.9794182898722 22932.9917513926 0 4e+27 98474502.18426955
-102914116431.19594 -94502986522.30707 14438306822.036673 -19759.76409532124 21518.459231749686 0 4e+27 98474502.18426955
-18346126208.42553 15734717253.189402 7806479292.31878 3682.1796825798206 4293.291839420668 0 4e+27 98474502.18426955
-24883434814.896564 -35706267051.58828 -17047117002.638945 -6724.860725457575 4686.505964328694 0 4e+27 98474502.18426955
-13553739596.880732 54574155376.951515 84656621613.54834 11858.538229991542 2945.1218815718203 0 4e+27 98474502.18426955
13048701216.854864 29720459850.40118 85612206243.57928 5907.430035515927 -2593.6439032547855 0 4e+27 98474502.18426955
-15482420785.770567 -5036183278.463857 49846622527.34003 -612.8193984283294 1883.9520461304978 0 4e+27 98474502.18426955
8711935661.899206 -76172922913.14429 105762105157.33144 -15422.83324930548 -1763.9172274556868 0 4e+27 98474502.18426955
44051695511.48003 36597523788.1865 75655526039.17082 6463.291182648984 -7779.732225271278 0 4e+27 98474502.18426955
-95592506338.22119 42352604622.80887 -75205203980.1408 8880.307369090666 20043.41518131766 0 4e+27 98474502.18426955
-7401490348.6297245 71367435727.08276 -101038251734.9082 14514.142833354475 1505.2563820636187 0 4e+27 98474502.18426955
14165177530.28681 52893070735.94063 -135801159641.29979 9651.57615075292 -2584.7674888272118 0 4e+27 98474502.18426955
50232147120.98217 34088283945.199383 -29846740359.692604 6235.11273995474 -9187.99846225245 0 4e+27 98474502.18426955
-126674278601.19278 44918224232.780014 24044505751.950962 9391.436131420174 26484.87150363911 0 4e+27 98474502.18426955
-79666208668.56969 109290786925.33281 -34486567140.27345 22765.654550035713 16594.7509106948 0 4e+27 98474502.18426955
14549695649.629856 -17499064509.3785 -118017235542.87584 -2553.668888915338 -2123.2623666101454 0 4e+27 98474502.18426955
35850147448.20843 -55737403900.06663 77431523899.16728 -11648.107630187933 -7492.0313257421 0 4e+27 98474502.18426955
46093075232.20431 121844389201.70673 34722193063.85023 24449.93189781743 -9249.277359195663 0 4e+27 98474502.18426955
89392471612.00613 -68947330174.73111 -36811419608.49933 -12974.820834499853 -16822.280140210187 0 4e+27 98474502.18426955
50868359750.76276 84045650724.7666 -111611328599.0571 16465.19329549279 -9965.50527836133 0 4e+27 98474502.18426955
20080562505.276478 74708875226.94524 82545112630.51561 15071.733297808998 -4051.043221172122 0 4e+27 98474502.18426955
7915845655.540121 -27397532091.866096 -98748201881.2004 -6267.176736612548 -1810.7471715580175 0 4e+27 98474502.18426955
29457725722.347218 48094251526.42515 -58742823562.961266 9766.639927313237 -5982.066277705591 0 4e+27 98474502.18426955
44726659318.60106 -13711823673.636425 -51914711289.27412 -2599.0406200198336 -8477.822289265465 0 4e+27 98474502.18426955
-3198255442.321296 -34477716468.45168 -72309442487.72987 -6634.998004973854 615.4821331806007 0 4e+27 98474502.18426955
-21117959943.580944 8159293847.188942 -29800761734.203297 1288.786937284017 3335.650293652672 0 4e+27 98474502.18426955
-63745064065.39333 -34856061885.563 88176496942.46466 -7643.958003077484 13979.335767164504 0 4e+27 98474502.18426955
-14550566495.145157 148665910574.19077 1986222643.4236186 30480.37342023786 2983.2440976890716 0 4e+27 98474502.18426955
-83631925450.93544 -56387676062.57279 106201434057.60223 -11364.313238468849 16855.0907561084 0 4e+27 98474502.18426955
9904664318.958311 81760888660.15268 -94964368028.48465 16654.95272579795 -2017.611583000624 0 4e+27 98474502.18426955
98038016762.54337 86090796810.0405 -52370781142.976395 17627.885817068323 -20074.189451808972 0 4e+27 98474502.18426955
-113425562252.04282 -36000181222.836136 -84394189398.51283 -7452.850757091019 23481.653669214906 0 4e+27 98474502.18426955
-75315094461.50018 -101988582158.15982 -8088542602.927451 -19089.603703244684 14097.022193257813 0 4e+27 98474502.18426955
-71869979047.27559 -4269441864.3045683 -59530927885.08691 -863.4536546596277 14535.013718658302 0 4e+27 98474502.18426955
-112810346039.00368 19901425392.259098 88338085746.98709 3881.5898003694842 22002.619406922924 0 4e+27 98474502.18426955
73143727429.19241 -84853864976.51054 -62240681090.673164 -17413.634106021793 -15010.490175729 0 4e+27 98474502.18426955
-7340138841.769905 125124189438.11057 35172635672.141426 24133.188561765874 1415.7210970432943 0 4e+27 98474502.18426955
82470741832.38933 -56344274676.848114 -20650809428.432304 -11301.50521397436 -16541.938363119232 0 4e+27 98474502.18426955
-4139513250.545268 -54245809340.707344 -47247697887.23854 -11094.132195601243 846.596405973973 0 4e+27 98474502.18426955
-42316595166.69334 5615444475.114328 51360515880.55565 934.373363706044 7041.205650187675 0 4e+27 98474502.18426955
94813956347.90407 12046987391.026554 11777192066.669184 2425.3983639611865 -19088.72377323027 0 4e+27 98474502.18426955
82178828880.07448 78362584061.24731 -20695958280.49411 15775.703066186885 -16543.97718336807 0 4e+27 98474502.18426955
-32605136197.493855 -30489509641.810986 -100987823698.04865 -5954.279681659339 6367.439235960823 0 4e+27 98474502.18426955
-81507809848.64337 105574119529.71558 31627641794.45228 21166.505689056175 16341.462553028661 0 4e+27 98474502.18426955
-7979917968.579265 76938613066.85551 -10000717225.003586 13907.967078583668 1442.506330343636 0 4e+27 98474502.18426955
-16527843868.565117 -143437621254.85852 37800703096.64414 -29868.648315493483 3441.6658029096766 0 4e+27 98474502.18426955
-46215108694.23965 19769290375.63102 111587458286.07426 4018.4150417422215 9393.937991907136 0 4e+27 98474502.18426955
70714383944.08319 -2104259558.1226563 68946213876.44327 -393.6347126582689 -13228.233226831404 0 4e+27 98474502.18426955
19643430896.970894 100131583110.09724 70140164401.98875 19552.60601131347 -3835.7554440802933 0 4e+27 98474502.18426955
7736880797.55005 99096068215.61095 -67238052953.120094 19341.576635906596 -1510.0848657597357 0 4e+27 98474502.18426955
-28409596121.37799 29958408387.077705 73873457895.0396 6447.292802997831 6113.975824177696 0 4e+27 98474502.18426955
-126626468797.60081 36956201940.96938 19355943575.23961 7309.150291827673 25044.020834269053 0 4e+27 98474502.18426955
-38548716035.388084 45898546324.06841 -57000681066.72883 10235.705189869874 8596.640294451643 0 4e+27 98474502.18426955
39090226333.5388 -9454890400.820593 31683926024.103226 -1690.4928970762012 -6989.160863907334 0 4e+27 98474502.18426955
-76886168708.69821 10890811897.734575 -22050460525.52595 2038.7120051692275 14392.752041791793 0 4e+27 98474502.18426955
-71994500689.13231 39573291951.46736 110122183347.9814 8037.840638369458 14623.00189956192 0 4e+27 98474502.18426955
131701377325.54474 70863340743.9445 8297609220.29108 13450.369227682815 -24997.86397629475 0 4e+27 98474502.18426955
-131165809923.78868 -58681555220.750946 16880918242.23109 -11667.26717678617 26078.83419387005 0 4e+27 98474502.18426955
-40689685068.38223 56426486367.48974 15636616916.425894 11258.953725565076 8118.940426471081 0 4e+27 98474502.18426955
-81841648852.53552 -9895731798.141193 -85314414920.50548 -2090.253913878162 17287.233559057066 0 4e+27 98474502.18426955
-106100920597.28365 -8236560613.082822 22490464679.968327 -1691.6654139098807 21791.530007480127 0 4e+27 98474502.18426955
44686539091.07706 -96571822512.53249 87022510743.95418 -19314.68742456846 -8937.457243471867 0 4e+27 98474502.18426955
22035947914.4957 -1619289187.63945 38777516595.5209 -312.1728922001613 -4248.176079572462 0 4e+27 98474502.18426955
-129206069809.85216 -34984916199.38097 -11898851890.541584 -6888.617802990693 25440.99942026886 0 4e+27 98474502.18426955
-21176464280.66975 113559793454.10779 55435491583.3244 23305.306830862693 4345.939549927567 0 4e+27 98474502.18426955
-15100030619.527416 -99096422633.41579 17573539895.22611 -20237.79632078714 3083.7777590227383 0 4e+27 98474502.18426955
-29490680676.028492 1099772832.6869183 58696327103.98417 241.46301840739082 6474.890594928455 0 4e+27 98474502.18426955
-57506930388.78688 112514035718.7287 -29725556469.256966 22877.22872146278 11692.756296310914 0 4e+27 98474502.18426955
-41095062388.48478 -76051618769.59436 6503403177.018141 -13896.303788937077 7508.971937938837 0 4e+27 98474502.18426955
-82526611056.78275 85826991777.3373 -71642528487.08827 17384.969287425974 16716.449789358187 0 4e+27 98474502.18426955
45592809571.06128 61705608755.02182 68988491798.20674 12553.300634254754 -9275.335854445819 0 4e+27 98474502.18426955
-109846281579.50847 12638270599.205637 -71511904122.08263 2555.6215111986994 22212.33656347142 0 4e+27 98474502.18426955
33721167924.537064 15824200601.721483 52088573479.2547 3460.6457576609328 -7374.591592874895 0 4e+27 98474502.18426955
-110885374918.63033 36170759175.75058 86765347223.37177 7143.428785463458 21898.953661212854 0 4e+27 98474502.18426955
-112264840709.85419 -31493178249.16714 -61672638318.02372 -6531.5694921102 23283.31560618168 0 4e+27 98474502.18426955
67597831798.24921 -78684748545.20091 65365277000.77405 -16199.537374205243 -13916.974037248372 0 4e+27 98474502.18426955
60963786780.513176 -25390487672.976837 123448539297.47746 -4830.812337765481 -11599.01365934177 0 4e+27 98474502.18426955
-77720590501.43698 80712463704.68307 -21801036178.283707 16298.674234790311 15694.510212862713 0 4e+27 98474502.18426955
-76057980244.14806 13114650108.256077 -15931896198.838457 2650.533142769286 15371.679438271574 0 4e+27 98474502.18426955
-50044109108.40405 32062235712.74164 123805016272.00304 6217.732296014802 9704.902559398128 0 4e+27 98474502.18426955
-80122352595.06566 1566468400.2012596 -104274993373.41367 299.5174792212082 15319.839886628819 0 4e+27 98474502.18426955
54635559077.6804 -78262094637.6497 94622144327.96364 -15713.54497445716 -10969.784526553329 0 4e+27 98474502.18426955
54462720805.16147 92568017687.96391 1643491199.6367042 18319.87981420099 -10778.56612278599 0 4e+27 98474502.18426955
12765224285.323406 -88579888071.46306 118942191756.53609 -18517.15803958827 -2668.502756646344 0 4e+27 98474502.18426955
44430658299.48533 129055108587.0465 45581648254.66803 26503.10198714992 -9124.39872516338 0 4e+27 98474502.18426955
-124940347562.3543 39891891512.91187 58943168787.45497 7594.169897030385 23784.738963191034 0 4e+27 98474502.18426955
-130510725247.21246 -37486667364.54946 53403151561.593544 -7560.673491763229 26322.66483364552 0 4e+27 98474502.18426955
78613076317.64955 23375114655.23956 -67689109165.39492 4957.044214821289 -16671.083796474988 0 4e+27 98474502.18426955
65665879147.39221 32005899183.640717 -32164610659.495117 6995.740736129769 -14353.02483112211 0 4e+27 98474502.18426955
-48647775277.77143 16133022281.750053 -1691687998.2806666 3303.4598905695566 9961.306169976131 0 4e+27 98474502.18426955
6233846332.412251 -37570488172.60274 -140475236122.15247 -7355.961563303159 -1220.5306942538502 0 4e+27 98474502.18426955
-131088944550.48027 -2622829420.147821 -40642326179.616615 -520.1003201446796 25994.6001460859 0 4e+27 98474502.18426955
122299546129.03621 -22468487691.13855 60680996441.652466 -4478.500725618613 -24377.190561772117 0 4e+27 98474502.18426955
62350927120.15285 -130550675549.22734 30085426776.456757 -26256.068509651985 -12539.883131357263 0 4e+27 98474502.18426955
-54690480268.31409 -10331509437.810572 138606335151.13818 -2083.7533393187323 11030.476386245758 0 4e+27 98474502.18426955
-7057226397.862193 51139724032.18976 -109049583439.86453 10264.795931620001 1416.5306948410462 0 4e+27 98474502.18426955
99562815351.84062 65573699215.92941 82844201563.51431 12920.87314686068 -19618.20856055867 0 4e+27 98474502.18426955
38493933891.3026 9009303872.118769 -54017848708.07031 1836.5477784951024 -7846.993483302628 0 4e+27 98474502.18426955
-76275077078.34137 36045649966.35716 -82090570156.60146 7106.963168984613 15038.823381273003 0 4e+27 98474502.18426955
-66264877921.14351 58613502988.4264 121048252220.579 11761.056970524169 13296.338977202653 0 4e+27 98474502.18426955
-37424284405.05847 -56416488776.81178 -91125039609.11115 -10460.528792985793 6939.067160395631 0 4e+27 98474502.18426955
79244564143.79198 -49483463254.04236 20807597896.252895 -9957.633016272888 -15946.50488037367 0 4e+27 98474502.18426955
90965687934.53632 -76944633510.80363 84090454969.85962 -15663.222368107397 -18517.416133854884 0 4e+27 98474502.18426955
8615169941.517275 -118107613632.17087 27253970510.896263 -24294.508972346834 -1772.1238877480241 0 4e+27 98474502.18426955
-62816588728.84626 18085473802.159946 -109607869906.55862 3221.534543751286 11189.411608692682 0 4e+27 98474502.18426955
-58657513072.5003 -37818368039.68548 -47792833213.520256 -7187.762796328895 11148.45277684277 0 4e+27 98474502.18426955
57095025908.741394 -93794232716.15617 -77405493558.16876 -18412.312280002097 -11208.060626157003 0 4e+27 98474502.18426955
-64509028259.824394 -37921152180.30249 41712962494.378914 -7798.088378864695 13265.607047300906 0 4e+27 98474502.18426955
9754159857.806276 108015753176.66034 15444157599.936592 22602.559877447355 -2041.0817473973593 0 4e+27 98474502.18426955
-31621317986.462982 -97991283773.74551 30120007557.24661 -20532.663816590095 6625.792281205879 0 4e+27 98474502.18426955
-47757449193.313126 -49272596753.42779 -125443991227.53065 -9157.33298366282 8875.742167640139 0 4e+27 98474502.18426955
-97630090698.95912 75636140722.93088 -7336234603.152037 15252.475905818788 19687.68622824936 0 4e+27 98474502.18426955
-17174460024.257088 4415957239.020196 118280519001.4271 809.3123087772462 3147.5626103023633 0 4e+27 98474502.18426955
44733651102.3463 -81667957703.8145 -17937524666.949554 -16934.195718230214 -9275.711359227178 0 4e+27 98474502.18426955
-20728583378.779552 -68435890326.11529 23385449372.85795 -12214.187822746533 3699.5618743526484 0 4e+27 98474502.18426955
41109825038.55767 -17235359015.05652 -79036056566.75723 -2932.0753978151965 -6993.594186157823 0 4e+27 98474502.18426955
49377327914.544624 15623663856.752235 -121875897180.66803 3126.573591549705 -9881.28334649139 0 4e+27 98474502.18426955
-46184649922.160225 -31198206485.365456 15778970834.093998 -5845.971701237392 8654.156340786898 0 4e+27 98474502.18426955
89047955278.53374 -101691167461.06975 63354703497.91127 -20247.09305737573 -17729.782065720992 0 4e+27 98474502.18426955
-11550688879.280645 34261299503.591057 -49879685672.79211 7591.519091619352 2559.3680455472368 0 4e+27 98474502.18426955
-33798640696.332817 5032089393.402372 24439544502.305744 839.3846964379019 5637.829446770429 0 4e+27 98474502.18426955
-52605575775.90312 134799493803.08153 36774831210.99301 28143.755772637487 10983.11599803758 0 4e+27 98474502.18426955
-119240222556.30804 -65395345191.50281 32271269014.064808 -13713.957016597724 25005.683233234664 0 4e+27 98474502.18426955
41631051556.93314 29937560128.758987 -109955393180.23848 6498.398716181088 -9036.647302829404 0 4e+27 98474502.18426955
41962642924.221214 701439271.6698347 46739253168.139694 131.58524609946798 -7871.906976384375 0 4e+27 98474502.18426955
5291604886.733825 117644477889.0845 -22543997386.602245 24523.333629106066 -1103.0504312588898 0 4e+27 98474502.18426955
-72170902823.36266 122596151313.63562 21733878793.315674 24588.601498679032 14475.018589969211 0 4e+27 98474502.18426955
-51312202848.24073 5356247582.650198 45907302256.00511 1079.1204252861949 10337.842921847856 0 4e+27 98474502.18426955
130123575042.00195 -34614507352.13538 63799386574.440285 -6985.874445444382 -26261.444324144268 0 4e+27 98474502.18426955
-59848759327.851456 117383031889.15044 48243708519.495476 24611.927846935894 12548.60538699255 0 4e+27 98474502.18426955
59908380386.4798 64844441146.510704 109184532516.45369 13983.546789162556 -12919.097233092078 0 4e+27 98474502.18426955
57927754702.30871 -57795488888.321686 -54896547293.837006 -11788.233925110691 -11815.21146930254 0 4e+27 98474502.18426955
17067322927.571383 36737888426.00386 70586282311.96446 8223.951538746041 -3820.6016367866664 0 4e+27 98474502.18426955
14787600184.068762 114426891800.8416 -67664851332.23391 23951.90103785043 -3095.348747325747 0 4e+27 98474502.18426955
23897836773.50227 -73138895457.77756 -64789775982.63996 -15321.442447430636 -5006.219036417924 0 4e+27 98474502.18426955
-47098256458.65431 37360555430.91564 -104127047177.28355 7341.216004134757 9254.63955482319 0 4e+27 98474502.18426955
-49860309837.113235 -64596923728.64393 -112848234280.35556 -13881.178155965921 10714.439694807406 0 4e+27 98474502.18426955
62135036498.17896 38241086938.96565 -48461524121.87113 8100.101775525742 -13161.239905773176 0 4e+27 98474502.18426955
-87856696551.95494 -57441338433.23741 106919297549.04744 -11960.542319630898 18293.684754472786 0 4e+27 98474502.18426955
-9180370854.345121 -143122170810.49686 -32583224053.74059 -28248.05195785893 1811.9316624209223 0 4e+27 98474502.18426955
-31668332070.56661 -72450084789.57784 51453489173.20296 -14543.948075708493 6357.240003463336 0 4e+27 98474502.18426955
95172597831.72466 88112804954.31337 -4046860026.606791 17498.96298517617 -18901.018614989403 0 4e+27 98474502.18426955
116896125132.78276 5879597831.186567 75588781651.37848 1145.6881552612674 -22778.17459728199 0 4e+27 98474502.18426955
-61617175401.20219 7424960152.035354 -8018824623.168486 1583.6558726263168 13142.212170931398 0 4e+27 98474502.18426955
-42918685424.65682 84971154489.5404 47458694115.64056 15679.189594494665 7919.513509758232 0 4e+27 98474502.18426955
-123524374928.8756 5362983654.805997 -32238455266.07337 1016.3112786499764 23408.465046486508 0 4e+27 98474502.18426955
10959902276.002066 -75414430489.84312 115688449801.38164 -13693.854911287965 -1990.113969363998 0 4e+27 98474502.18426955
43259707279.40563 -92482946123.82684 70957763599.25702 -18756.438292272436 -8773.488130898719 0 4e+27 98474502.18426955
27207383796.257122 59679797206.88632 -12113130516.36017 11289.677433687055 -5146.843676587159 0 4e+27 98474502.18426955
39156200080.94357 34498676206.090775 -88291779811.3503 7829.011811766118 -8885.974380763693 0 4e+27 98474502.18426955
77376607197.22928 35742761613.47489 -86373419570.00027 7594.833287846314 -16441.43892397444 0 4e+27 98474502.18426955
24752560438.228477 65632897717.18736 -25462130817.017925 14262.04950938047 -5378.739241030044 0 4e+27 98474502.18426955
-117775608711.09808 -31114057144.422092 50346143699.07376 -6188.097683700198 23423.72028432757 0 4e+27 98474502.18426955
66609321481.69825 -111055316820.4574 9357178037.929615 -22293.747771333354 -13371.457169703846 0 4e+27 98474502.18426955
-3102254811.9673643 -131985668387.65004 -45495149093.88342 -24821.567800913075 583.4181020684362 0 4e+27 98474502.18426955
107327607670.66447 10296898231.935036 37467792683.1871 2089.476067035305 -21779.225404451205 0 4e+27 98474502.18426955
-23051934010.689922 -54135619999.70094 6005260599.43417 -11911.054357011844 5071.944110681554 0 4e+27 98474502.18426955
-66242933088.44822 -25559872825.04698 122128288887.70738 -5375.1925509708135 13930.76260311285 0 4e+27 98474502.18426955
-124431747262.6729 21249173156.4446 49553083067.92719 4449.984958963121 26058.397644920078 0 4e+27 98474502.18426955
55630973624.41543 40514225017.11264 -75954211458.6687 8511.415717946136 -11687.212160950812 0 4e+27 98474502.18426955
30962911813.39529 43337093112.1859 90227028203.66467 8257.528666878547 -5899.72962070339 0 4e+27 98474502.18426955
-72350929197.93289 -82974321021.15414 1417016258.271786 -16990.484621594 14815.154071367615 0 4e+27 98474502.18426955
99501612685.27393 -65377923870.90702 -15997506025.89074 -13596.898131532975 -20693.732861207624 0 4e+27 98474502.18426955
-86866717231.76845 -33637614021.381878 -108712936855.44812 -6623.966955363139 17105.917919694046 0 4e+27 98474502.18426955
-566622048.6910346 29821725136.434418 -85473272823.15533 6095.074418713638 115.8083088169983 0 4e+27 98474502.18426955
19549920501.448338 -34210741957.674397 19661438793.086838 -6894.819997275002 -3940.0835850122435 0 4e+27 98474502.18426955
26486750532.515923 3491533382.9818373 95954368939.14426 785.9693531744771 -5962.3586259274125 0 4e+27 98474502.18426955
31151997212.652527 56296563811.75312 -133745025467.89482 11976.463231116963 -6627.238394882289 0 4e+27 98474502.18426955
11785997348.47071 67168387135.44235 96403154649.45074 12468.814803043646 -2187.895593069862 0 4e+27 98474502.18426955
60926298063.18809 -81446869057.50868 84385773838.11832 -15041.67756764307 -11251.920932767944 0 4e+27 98474502.18426955
21929899075.29419 54577671638.52922 114136523285.43488 10836.24543901774 -4354.120681561196 0 4e+27 98474502.18426955
-78471456653.83011 81045855176.79135 59239023408.03248 15950.975835559833 15444.297628003389 0 4e+27 98474502.18426955
54486893811.215775 41741040081.89701 17015983207.799734 8619.97560260078 -11252.132059782492 0 4e+27 98474502.18426955
81328370542.99397 -58925710091.28021 30522021809.378952 -11447.474632970936 -15799.630709406649 0 4e+27 98474502.18426955
-81008802505.56126 -6214726593.134701 70974959863.01724 -1326.2657883368356 17287.840696958003 0 4e+27 98474502.18426955
-78550474213.6837 106840247693.55432 25706636983.786026 21228.39867161538 15607.421533085062 0 4e+27 98474502.18426955
20343073024.029633 33064069889.24131 -3818944892.465703 5510.676934804461 -3390.511321567234 0 4e+27 98474502.18426955
-45223877049.23464 -49870002632.9402 -53957392593.21064 -10498.425678240765 9520.342631176967 0 4e+27 98474502.18426955
-18001738962.15079 -59277701293.82619 63824881464.088646 -12063.466393112858 3663.4918063213445 0 4e+27 98474502.18426955
-18295791903.025406 135338485969.04591 -583063437.6692067 25903.2253869535 3501.7387545273637 0 4e+27 98474502.18426955
13404626202.243309 -12339006362.273275 -52587444021.92242 -1994.7494567362428 -2167.0197785481178 0 4e+27 98474502.18426955
-105157898738.74948 -53915150961.80878 2124185636.7641532 -10676.898172886375 20824.576336689493 0 4e+27 98474502.18426955
-104960382994.92577 -59146993904.692406 -80663077241.47298 -12114.684041202798 21498.334790709996 0 4e+27 98474502.18426955
-126265246896.29016 -31496864480.35074 -6584374416.695449 -6595.627958053804 26440.682471084623 0 4e+27 98474502.18426955
6217165179.888262 109384731167.21811 36605598643.99321 20792.827485900703 -1181.8143323782976 0 4e+27 98474502.18426955
-84942817023.86652 40516552891.323364 73767025315.71082 7543.356346622028 15814.621239265267 0 4e+27 98474502.18426955
-25969598395.585747 112839975663.95268 -22900208717.21692 23010.376957835182 5295.731809670327 0 4e+27 98474502.18426955
-52034365464.11786 72860520210.8174 -31423398247.041965 15116.233308478792 10795.470662827878 0 4e+27 98474502.18426955
-30748724700.722195 -61239235062.661644 -56703192120.5648 -12744.501322950646 6399.119163170798 0 4e+27 98474502.18426955
24387648116.91173 9799307242.532629 -1717682154.191691 2071.6487490696964 -5155.735958034372 0 4e+27 98474502.18426955
-102931293131.7077 -15332386997.501102 104983517893.11691 -2979.2247348621754 20000.50315318234 0 4e+27 98474502.18426955
-93391724177.31699 -72367868933.75502 65539403461.04178 -13958.539656021943 18013.68624888842 0 4e+27 98474502.18426955
-12825212610.929848 -22244687999.205948 -130613828620.38527 -3875.8477865318378 2234.6266178984874 0 4e+27 98474502.18426955
-118372849784.78185 15016702848.075459 10052145357.597065 2823.549651680222 22257.32387193445 0 4e+27 98474502.18426955
-67071421322.14392 96645799655.14471 -85705044929.98462 18529.578307484207 12859.380935514602 0 4e+27 98474502.18426955
-1203095855.0309668 -19041621935.20188 22481409281.867058 -4187.843990293066 264.59813997900983 0 4e+27 98474502.18426955
14647008363.931879 85854101720.38911 40313088515.16201 17814.341648406767 -3039.188645545954 0 4e+27 98474502.18426955
-5043611227.553835 131267155017.07732 35984031791.73211 25378.48296568331 975.1045614369559 0 4e+27 98474502.18426955
-105334157082.96265 -88559051161.44075 56185617743.977875 -17760.3392113485 21124.55289210947 0 4e+27 98474502.18426955
38686354049.56917 22556630212.230587 88459804501.34744 4002.3540063578334 -6864.344658969308 0 4e+27 98474502.18426955
-68335785748.13819 46820842149.09254 -118957590356.79219 10118.261993925942 14767.769053762182 0 4e+27 98474502.18426955
82459824546.50688 -47043601495.272125 -49149767743.516136 -9564.210101728953 -16764.51338432834 0 4e+27 98474502.18426955
-6052352848.493237 -51464760688.86845 -49360235078.89687 -8963.461396707615 1054.1199529653402 0 4e+27 98474502.18426955
-55160994248.55018 79479619090.03017 -113846014449.09085 16739.275401779316 11617.507541354975 0 4e+27 98474502.18426955
55777950299.08169 116064850406.61417 -66226356236.05053 23845.985654829703 -11459.801981633442 0 4e+27 98474502.18426955
-101947355318.45886 -60329385241.36905 10985128525.980349 -12391.063732537772 20938.98640041953 0 4e+27 98474502.18426955
-55061750702.802925 19479648180.681973 -74495796481.10396 4107.200351628725 11609.534204633053 0 4e+27 98474502.18426955
-47356084428.91554 -8509732478.812992 -47716376677.47855 -1606.1652994714034 8938.201020764864 0 4e+27 98474502.18426955
83586691242.47708 59431406741.14185 27432911973.5943 11659.925705777001 -16398.982681396286 0 4e+27 98474502.18426955
-138497036712.31943 -811653900.3746648 31715666277.03122 -165.9035997143525 28309.05750559225 0 4e+27 98474502.18426955
-27494858877.195625 -88749538178.4831 11669855816.658514 -18264.68601342755 5658.451578255442 0 4e+27 98474502.18426955
-24037689389.126247 5080107224.102504 104887441665.0401 841.7432355160913 3982.900664918265 0 4e+27 98474502.18426955
4483120294.02117 71325959762.72081 80207641526.59656 12937.918425727506 -813.199637968066 0 4e+27 98474502.18426955
-65844521278.35405 17190137330.884438 1853565844.1556468 3104.423288147328 11891.078082673914 0 4e+27 98474502.18426955
-46402939668.96041 -30219264188.13996 29826569479.646492 -6549.983159599164 10057.772138173776 0 4e+27 98474502.18426955
-2104839140.3512335 131822141756.71301 62693028727.15613 26030.920671061896 415.6426223824335 0 4e+27 98474502.18426955
-87482887997.80725 34642541067.150375 15202922972.053823 6475.9232642289635 16353.66379471939 0 4e+27 98474502.18426955
53965418946.09293 -86892179852.67256 66643927981.17924 -17220.423964285827 -10694.948558520255 0 4e+27 98474502.18426955
58832509486.31413 -119886581480.10004 2019427880.3101206 -23675.875808727746 -11618.57458038354 0 4e+27 98474502.18426955
110505832410.43088 43313092157.38214 -81075542137.54633 8939.219782237029 -22806.866790911627 0 4e+27 98474502.18426955
-54139681378.54365 96623065296.667 -73455623147.6816 18679.94296822619 10466.715761542067 0 4e+27 98474502.18426955
13493384568.703615 83713320839.44334 22545142939.570694 17119.679334696935 -2759.44634186716 0 4e+27 98474502.18426955
91300263723.46333 67782976408.89201 -71198101891.7732 13298.820168410703 -17912.842617922117 0 4e+27 98474502.18426955
-8380412941.132864 66876856642.186325 -35942635470.46217 12192.596541572206 1527.867770306483 0 4e+27 98474502.18426955
-70424067306.45874 -73724113006.71735 17298602678.905327 -13919.392490030927 13296.331330478513 0 4e+27 98474502.18426955
-123142773243.47662 20708162068.934544 -36439070618.22771 4314.506726116725 25656.565834429097 0 4e+27 98474502.18426955
93329441095.53574 -53891832799.290665 252918644.5842879 -10838.926897279436 -18770.7661226874 0 4e+27 98474502.18426955
86729982913.55428 -52853472061.44157 108964011889.48944 -11090.527976395653 -18199.01823624594 0 4e+27 98474502.18426955
-57402671995.82481 36705458555.26572 -106293761127.93105 7776.661173561607 12161.709678589013 0 4e+27 98474502.18426955
-76107019897.2284 36625320235.95409 -81888305241.84479 7899.951207441995 16416.013289672173 0 4e+27 98474502.18426955
-33176849393.09591 37980320065.09664 -67769045354.00334 6944.09836287669 6065.860033857974 0 4e+27 98474502.18426955
45550712937.972404 -90576928574.93832 65833492752.45124 -17582.629437347696 -8842.221952058651 0 4e+27 98474502.18426955
98509637098.94183 83600709833.63559 50499363418.14917 17456.732665836986 -20569.877974325103 0 4e+27 98474502.18426955
30563086196.735867 116479359164.09859 -60357079745.71689 23370.880038778083 -6132.298685747804 0 4e+27 98474502.18426955
8636271120.284311 -122662823308.42589 75980075447.40431 -23346.904428083886 -1643.7759300005325 0 4e+27 98474502.18426955
-27194937957.327602 142523889897.70947 3251633083.0875683 28378.04167635116 5414.805077890521 0 4e+27 98474502.18426955
40439477927.71704 22503287664.435444 70345533230.83856 5125.1380755250275 -9210.11681369786 0 4e+27 98474502.18426955
-112965173377.33388 2852593531.0727224 78560171995.2699 560.266315992584 22187.031146979378 0 4e+27 98474502.18426955
37945233756.28332 48208795413.28048 -43193336936.92595 10591.140657043876 -8336.30677829581 0 4e+27 98474502.18426955
-72483422962.79765 -107682169248.19997 -50675723056.009346 -21074.435818470443 14185.702756522622 0 4e+27 98474502.18426955
-131001620629.05641 10849921853.375933 22425304212.305706 2138.8312887267634 25824.182778621445 0 4e+27 98474502.18426955
-5263756535.576192 35869349694.70147 -122023834315.99806 7923.054992080767 1162.6927404946869 0 4e+27 98474502.18426955
26117695495.546223 -67337450294.0122 122217034513.75363 -14134.8065017211 -5482.366357629166 0 4e+27 98474502.18426955
-60645681644.16486 -128255810455.60732 -13377750717.951042 -25320.34916104346 11972.711636883223 0 4e+27 98474502.18426955
-17021587613.113565 -21869812593.015823 22004691018.813572 -3524.2132771223132 2742.945546913042 0 4e+27 98474502.18426955
-24870194114.704834 -98845190456.0889 96949464592.95764 -19696.155150106897 4955.700926228799 0 4e+27 98474502.18426955
-42810586542.78223 35730471615.78838 -40810681303.144905 7539.901775938992 9033.959052482307 0 4e+27 98474502.18426955
-39555163819.88343 -23838709140.56143 -67391240487.23514 -5275.390663131191 8753.365824619617 0 4e+27 98474502.18426955
61629400245.7642 80384754665.79861 -63306975925.15325 17057.53897224111 -13077.677488704749 0 4e+27 98474502.18426955
28990599414.552765 57781335407.925705 84361554925.80675 11322.385954294585 -5680.77482634451 0 4e+27 98474502.18426955
-39487905361.09086 -73772075641.16188 -38363130505.87473 -15025.123146102973 8042.482682986979 0 4e+27 98474502.18426955
-12646313616.34304 -68605652936.20571 67856527058.96623 -13642.588554974624 2514.7848030157256 0 4e+27 98474502.18426955
50126422434.74606 25438067412.082 43375779789.123024 4667.718812342869 -9197.870310029179 0 4e+27 98474502.18426955
111317683972.53732 16541708294.732449 67720015556.2357 3359.5301040190275 -22608.010234015816 0 4e+27 98474502.18426955
-102943429851.41727 -3537431255.7995615 -54875805738.000374 -729.0034843681243 21214.862884318067 0 4e+27 98474502.18426955
70795336322.90262 -15099556190.446594 -23924187845.320255 -3122.917841883587 -14642.02100620831 0 4e+27 98474502.18426955
-18316179148.533398 -46366294733.53211 -32472195103.587353 -10375.507394755388 4098.659452764856 0 4e+27 98474502.18426955
1688731554.0140002 33821723069.6888 53123552549.01974 5702.3576958431395 -284.720898264202 0 4e+27 98474502.18426955
-93449341636.13495 -10259822235.202288 -45016463057.04539 -1910.9592930141912 17405.55379340928 0 4e+27 98474502.18426955
-73161871435.45108 63027065075.29988 -34577096201.04813 13456.395314006393 15620.19527280452 0 4e+27 98474502.18426955
-126941634918.6018 11819233998.657408 77936170301.07416 2344.7784079286416 25183.52751609023 0 4e+27 98474502.18426955
-25175137569.50228 42503729110.09041 73651302943.12614 8257.425087164764 4890.907618971274 0 4e+27 98474502.18426955
-71304303688.49396 27844224017.0082 107507194261.81403 5649.158727528686 14466.530984887992 0 4e+27 98474502.18426955
41187524738.01162 -117016266501.00717 21207643751.57309 -21970.008109508875 -7733.029599751623 0 4e+27 98474502.18426955
-25299601629.564537 -111319527935.88347 14299494957.874603 -22039.428575568145 5008.90341024684 0 4e+27 98474502.18426955
-65996388323.32989 -67260304855.925255 -10208456374.689034 -13727.336474357096 13469.380350673084 0 4e+27 98474502.18426955
-57043860017.22353 -81229413040.8541 -16915152264.344734 -15610.521442764077 10962.585677296891 0 4e+27 98474502.18426955
-96557960497.97612 63568301989.02607 -17936571337.808094 12127.01911323282 18420.505123699564 0 4e+27 98474502.18426955
-9255819542.0968 78635035239.11836 -55029578752.14054 14771.061965847812 1738.6433869492826 0 4e+27 98474502.18426955
30129242399.125378 572905482.3454205 10571814171.59605 121.56491789529284 -6393.129392831913 0 4e+27 98474502.18426955
-58618435468.82283 24685666249.689964 41334677043.047066 4488.464492904252 10658.28094612253 0 4e+27 98474502.18426955
26384436561.847992 -9726290499.193901 -115170148754.11906 -2036.816391200495 -5525.2568146320045 0 4e+27 98474502.18426955
-38985483900.69708 67876186865.11494 39888896760.343704 13268.189140289354 7620.740026956412 0 4e+27 98474502.18426955
-125171777950.03394 76124281642.30942 -19053597289.268898 15115.78242785812 24855.004484525485 0 4e+27 98474502.18426955
3007008986.236803 -103476207212.54489 -13280975557.593178 -21760.676275954862 -632.3632347094119 0 4e+27 98474502.18426955
56222218944.39377 66464491533.87174 5506247484.934878 13626.350885965072 -11526.510851789775 0 4e+27 98474502.18426955
-59931898601.324455 -32487259357.39183 66330423135.00889 -5866.786433790886 10822.939719154241 0 4e+27 98474502.18426955
115642522310.94696 -44895755601.66335 -28800846598.61407 -8959.714087823708 -23078.438538686078 0 4e+27 98474502.18426955
19151326124.183155 39324776118.84158 -136421189326.31296 8789.029922261328 -4280.293366394611 0 4e+27 98474502.18426955
77565448684.32874 -76286089922.89589 -100646793337.36168 -15875.296429037255 -16141.533689294798 0 4e+27 98474502.18426955
-47616396251.8364 -89313990414.24533 99011624303.06903 -16524.781563920576 8809.936083621482 0 4e+27 98474502.18426955
12485482679.979443 142107268025.6904 45696749764.76768 28906.315375782353 -2539.696280003836 0 4e+27 98474502.18426955
37098703863.28785 76242235292.29002 14910886132.912405 15134.472535581846 -7364.281917655062 0 4e+27 98474502.18426955
-45136734045.07429 106399389455.4308 15023878641.684574 20632.106857848925 8752.549472310406 0 4e+27 98474502.18426955
20444972624.028458 -43743822345.48964 42767563782.05937 -9766.105546777508 -4564.479047355725 0 4e+27 98474502.18426955
-36857162200.67814 -10285128091.720596 -80550764684.36389 -1666.0005218880208 5970.178583489955 0 4e+27 98474502.18426955
55273431260.779915 -124327608737.40456 62867689321.36424 -24910.755955032255 -11074.796426292814 0 4e+27 98474502.18426955
-84575698584.82654 -7326848319.560464 112416582198.14195 -1438.3708635618023 16603.485605813315 0 4e+27 98474502.18426955
-54011002583.43908 -95461060409.36502 -41557166713.77945 -19663.8490432897 11125.627527318818 0 4e+27 98474502.18426955
58751112120.2265 -79803347582.33994 -83703842484.977 -15138.40231027949 -11144.870464671401 0 4e+27 98474502.18426955
-49685366034.802956 -83285074399.13943 86667604422.47636 -15598.70206580641 9305.715668730156 0 4e+27 98474502.18426955
51308435511.81004 51182445382.16289 57250797491.31241 9974.175926781325 -9998.728245623375 0 4e+27 98474502.18426955
-45913551125.789894 46723730237.73258 -125476839629.0478 9851.566690317346 9680.742710472521 0 4e+27 98474502.18426955
84612904879.95358 -75506853833.54259 26711922051.41365 -15641.53257347864 -17527.885756359155 0 4e+27 98474502.18426955
-124650526748.24506 69925830379.26974 7859907945.267263 13746.199664041453 24504.12128988164 0 4e+27 98474502.18426955
-40800596053.44663 -24588547217.468414 -92984555921.20369 -5504.333076837639 9133.523360507015 0 4e+27 98474502.18426955
-93484095386.81836 54136526843.39912 -72760506866.83072 11450.160734108764 19772.378847985532 0 4e+27 98474502.18426955
-58013114580.30817 -78749823319.4876 -69550042902.1951 -16018.913845842371 11800.751356872825 0 4e+27 98474502.18426955
31734087324.09595 107173983763.12161 63551458448.96556 21177.474224410882 -6270.624574585392 0 4e+27 98474502.18426955
54173836646.64198 80985328348.4122 25962902725.666203 15072.72982734196 -10082.660898434215 0 4e+27 98474502.18426955
95640716792.25504 75044043602.53354 -48093874375.775604 14750.470775105801 -18798.901688004204 0 4e+27 98474502.18426955
-5662225700.214041 -43590684521.63527 -90636459913.7001 -8374.84930125274 1087.8536886805907 0 4e+27 98474502.18426955
113252115479.57623 -24711631712.769176 21769914612.408436 -5015.126710259554 -22984.063372939258 0 4e+27 98474502.18426955
-119071808776.84384 4237067048.188581 38568543726.536194 842.0450640544786 23663.4982898004 0 4e+27 98474502.18426955
-75087573887.29836 -76261073721.14159 34991050243.232056 -14528.198319854173 14304.639464956173 0 4e+27 98474502.18426955
-88767551930.80516 -63680771970.81872 -7908177480.827616 -12679.462352345026 17674.484746074377 0 4e+27 98474502.18426955
-8068624138.343272 41621128470.474144 -85344626596.62334 8879.856349025857 1721.438747957008 0 4e+27 98474502.18426955
-86006426836.81409 -8940075371.353474 27593506553.55851 -1717.8059355531252 16525.850664458943 0 4e+27 98474502.18426955
73288532418.16753 -73061162699.08386 -11879259410.345156 -14794.982193810627 -14841.024863006976 0 4e+27 98474502.18426955
-80652292599.04062 -124679170414.63348 -5836201166.062338 -24500.70665295246 15848.983878266625 0 4e+27 98474502.18426955
-40697636979.06296 -101671225852.74098 70210814922.83258 -21061.478295086275 8430.629125464871 0 4e+27 98474502.18426955
946950293.1670593 -51202490983.83875 33746987339.37851 -10378.942781635604 -191.9504836773689 0 4e+27 98474502.18426955
-51660261655.418335 -110219789974.1535 34900115973.41829 -22312.69153854458 10458.008343040343 0 4e+27 98474502.18426955
22497199873.347538 -65297156955.81506 9961526842.159641 -12315.387993787961 -4243.090482508343 0 4e+27 98474502.18426955
-59540898474.65951 -83768979315.5458 26635318815.611942 -17519.186157200234 12452.2000013308 0 4e+27 98474502.18426955
-64185629818.95322 -26614722919.71628 111311051929.11884 -5318.969710688311 12827.539925863863 0 4e+27 98474502.18426955
100597138580.80356 -56336272271.78062 -31287040107.621357 -11625.314563717991 -20758.79949191408 0 4e+27 98474502.18426955
51649545776.36304 71387115026.36668 -6515961928.919101 14222.30381159656 -10290.029671196055 0 4e+27 98474502.18426955
105176064391.08191 32965936483.311863 88126565622.33473 6543.643205294009 -20877.145093714204 0 4e+27 98474502.18426955
11814451833.722729 45796881892.77074 -82714477150.2363 8265.877345120685 -2132.3899296472378 0 4e+27 98474502.18426955
7264369178.240704 66407313504.07586 82197263593.50291 14660.567216875288 -1603.7355978759529 0 4e+27 98474502.18426955
-97876178820.07463 -27751534686.669453 -8861923641.851032 -5385.274408442449 18993.18675334645 0 4e+27 98474502.18426955
-30844478118.90273 103694993081.13173 30234557237.72459 20718.376168118786 6162.761396557886 0 4e+27 98474502.18426955
21070758636.556786 -98829868787.68236 23124966246.902702 -19666.835456395467 -4193.015210177372 0 4e+27 98474502.18426955
9168701465.637718 -134031827499.39247 20254817462.917385 -26709.80592139102 -1827.1349519536086 0 4e+27 98474502.18426955
12684739933.932688 -18100276895.06618 -21411444026.17854 -3693.7417867652634 -2588.5876895611937 0 4e+27 98474502.18426955
108619600007.33273 90664654873.37386 16548720016.816898 18834.213101028698 -22564.081850240378 0 4e+27 98474502.18426955
-47779636924.98009 64950290673.74581 119044858747.94217 12639.552620521554 9298.083639628945 0 4e+27 98474502.18426955
55974087044.065475 -28704141344.431023 54255929914.49283 -5405.547115090145 -10541.00734490549 0 4e+27 98474502.18426955
-123524815297.54176 53801416150.10505 34049898360.299892 11149.635840964394 25598.89323447278 0 4e+27 98474502.18426955
130068891487.20728 -18919132782.96363 51910249661.29928 -3697.9189264314673 -25423.1640048334 0 4e+27 98474502.18426955
-102437033516.96596 33408800289.963104 90795219692.25844 6351.378635440814 19474.401370618947 0 4e+27 98474502.18426955
-89548567180.6089 43403343473.90136 -55386702807.03517 9019.121758058995 18608.00035249084 0 4e+27 98474502.18426955
79493286677.27295 33704073255.58428 -108797188124.20483 7184.970424585017 -16946.22811308517 0 4e+27 98474502.18426955
-30185507669.538216 -73399125220.22716 82432409750.9375 -15074.345483070176 6199.348695603913 0 4e+27 98474502.18426955
-138284811330.8397 9781296260.550287 11501185087.97635 1861.7591984692137 26320.95099114056 0 4e+27 98474502.18426955
136276472089.8976 1546527549.7633102 32160763773.481583 300.65772754030183 -26493.2716019373 0 4e+27 98474502.18426955
-92759056573.50984 -14399618130.985336 -104878720808.8504 -2977.096063948643 19177.774001267146 0 4e+27 98474502.18426955
-2771325904.809041 -10157696067.330969 -92561445254.43303 -3401.998456433478 928.1678037952732 0 4e+27 98474502.18426955
-79782613760.99568 8790381928.521275 104611501572.74168 1589.2270162137881 14424.024603724296 0 4e+27 98474502.18426955
21799803842.62572 115878240328.03862 82896391732.86392 22481.788174946767 -4229.427119862078 0 4e+27 98474502.18426955
96711981732.12184 -80947961077.0859 -19552678910.493816 -15333.91158670734 -18320.07820238229 0 4e+27 98474502.18426955
4793173386.968041 118131498285.11345 -32019668449.411453 22267.119967820792 -903.4861013663541 0 4e+27 98474502.18426955
11825604513.348076 -14955036385.569809 -118631288620.20204 -1818.7289123177404 -1438.148880387484 0 4e+27 98474502.18426955
99037302945.05234 -29789260340.32551 19869334262.23083 -6299.744476762396 -20944.11526482098 0 4e+27 98474502.18426955
-90801496144.02763 -35483935511.691956 3952973006.018967 -7597.587123659197 19441.819740810362 0 4e+27 98474502.18426955
95849129898.1032 90395595161.78423 -20940362650.88135 17953.564859097107 -19036.69716686728 0 4e+27 98474502.18426955
6231068226.6707325 -149348760121.3 12117725690.882097 -28795.628240076207 -1201.3994896779295 0 4e+27 98474502.18426955
-113605026235.72154 -37461260995.16556 -30658008014.439354 -7865.718649050033 23853.579664695535 0 4e+27 98474502.18426955
15783602563.979326 -12223307169.094433 45544499201.08644 -1619.2702842255014 -2090.9168244170555 0 4e+27 98474502.18426955
-47559449577.57795 -48725722554.92662 105526128935.58708 -9105.753873799176 8887.8033925225 0 4e+27 98474502.18426955
89524574136.29762 -15552929394.18621 -36771037059.47847 -2979.2481273787866 -17148.918579264446 0 4e+27 98474502.18426955
134110563459.82484 -54523255712.899796 8467170005.095215 -10820.296935640868 -26614.627095683314 0 4e+27 98474502.18426955
106494098171.18697 70105300731.06828 15681954798.373743 14443.527444882135 -21940.572447638835 0 4e+27 98474502.18426955
124384348576.17635 72654140883.82129 3201372705.943428 15175.747986414213 -25980.97650710354 0 4e+27 98474502.18426955
-9077148478.636133 -142912634163.92984 -25836250614.024925 -29424.586822520203 1868.9134454282425 0 4e+27 98474502.18426955
-25298879386.03239 65602767681.26018 -117203952576.48712 14080.707622263324 5430.047182405459 0 4e+27 98474502.18426955
67167706191.87515 -28879428893.587055 -116087371665.82697 -5269.310818293577 -12255.350415028639 0 4e+27 98474502.18426955
-10115242346.623854 46942034022.47285 23845266670.900433 8704.096424164416 1875.5907487233144 0 4e+27 98474502.18426955
46461131082.44222 112700325869.37056 -80146679161.14713 21747.729569604013 -8965.582898580487 0 4e+27 98474502.18426955
-2935867091.61332 -43977775988.63834 112516753623.92497 -7669.659790598411 512.0109254480052 0 4e+27 98474502.18426955
68737858566.14108 19727337394.048306 -50916874224.43754 4271.464523186552 -14883.474561228335 0 4e+27 98474502.18426955
-7401984170.723941 7464125210.795403 110597904910.66359 2251.5475082787016 2232.8027123403394 0 4e+27 98474502.18426955
74929948496.26543 -34870151758.488396 -58631824076.49109 -6319.128071393988 -13578.717529257527 0 4e+27 98474502.18426955
-19864570636.542988 55479429856.924934 -30976617733.095036 11677.471106426385 4181.15237031122 0 4e+27 98474502.18426955
10590710088.236677 753798852.7236084 108025290795.60875 85.60445103668606 -1202.7239361222755 0 4e+27 98474502.18426955
-39986573541.22468 27202357957.66116 -6730329090.463804 4685.649166154437 6887.750512747161 0 4e+27 98474502.18426955
-95582424841.76279 -47714543964.5922 -42945387018.32822 -9509.183438205522 19048.925878099042 0 4e+27 98474502.18426955
-52735713209.0617 -10384816597.940948 52851157605.46829 -2208.562407764864 11215.423271249276 0 4e+27 98474502.18426955
-124835148641.16002 8222249258.849801 -27255755600.79413 1599.8313128183145 24289.6041519902 0 4e+27 98474502.18426955
-125123066429.65263 -22000186934.43687 46728392357.64068 -4257.207938998728 24212.290256606273 0 4e+27 98474502.18426955
-79112759535.57896 -75448837860.53436 87161283348.09305 -15460.316998617995 16211.095833131058 0 4e+27 98474502.18426955
84318727092.54054 -14441671116.25012 118666032613.02547 -3047.0253339338556 -17790.27478938583 0 4e+27 98474502.18426955
-17909585838.02854 -46783618346.11694 21735107447.84639 -9728.201796961497 3724.1254800636093 0 4e+27 98474502.18426955
14501146581.825453 28682640067.17508 40863505011.25373 5068.488148393863 -2562.4869055278464 0 4e+27 98474502.18426955
-92433659777.0466 45173227000.80396 21175830211.257774 8958.318407000657 18330.551319533042 0 4e+27 98474502.18426955
113038750289.12889 -84046075473.01302 16828968180.981085 -15881.346758781518 -21359.80270842518 0 4e+27 98474502.18426955
35547525494.758934 59465808172.970856 120182790651.35359 10982.898851302869 -6565.367375272696 0 4e+27 98474502.18426955
83451188520.5638 106421150062.46446 -7029900838.898528 22082.197302773184 -17315.971580652695 0 4e+27 98474502.18426955
41328636547.267525 -118453004702.52933 31308753468.388084 -22913.485207835478 -7994.589116282688 0 4e+27 98474502.18426955
52683817365.17732 41500004675.656555 107733931615.85178 8200.837090334098 -10410.876020025376 0 4e+27 98474502.18426955
45325045312.779465 -125486785782.21738 -50424601476.12688 -26047.723103126977 -9408.275322255218 0 4e+27 98474502.18426955
-43692292809.81546 59418266738.12659 -72691926856.48087 11168.504912642116 8212.585349244191 0 4e+27 98474502.18426955
131506794485.12257 -19362826255.88083 -35138086273.038795 -4018.3238320657415 -27291.309614351576 0 4e+27 98474502.18426955
-122394997636.54099 4925688026.323738 68190045680.689285 1005.4301600096389 24983.23511363989 0 4e+27 98474502.18426955
8391876540.19391 5484122858.310547 131456691743.20613 1072.7064503107115 -1641.4694432375152 0 4e+27 98474502.18426955
45026243612.13854 -71766511195.6209 13899558588.146332 -14713.434849619112 -9231.195593505505 0 4e+27 98474502.18426955
33834713955.06806 -106726171589.90689 39314909134.1384 -20322.71908779436 -6442.781342957416 0 4e+27 98474502.18426955
-95090520859.85866 26453649955.33719 -21426407158.786 4912.795809517304 17659.578666605852 0 4e+27 98474502.18426955
-37328031220.92828 -74306053676.5452 -5883472774.549547 -15712.47889237811 7893.245215335683 0 4e+27 98474502.18426955
-107502782392.30058 -67896070200.31755 -37262793781.938385 -13612.548119125868 21553.335766526652 0 4e+27 98474502.18426955
-90946597324.51334 106619006523.14717 26827568973.610317 20640.527537055033 17606.48319369336 0 4e+27 98474502.18426955
863888442.9467363 -57720457254.89019 -16530620911.838089 -10592.815764771296 -158.54017020411987 0 4e+27 98474502.18426955
-9263821088.399437 -69533325841.18915 -123194295546.4411 -14914.991889182902 1987.1020798270526 0 4e+27 98474502.18426955
-60578847086.538025 -56242490679.4711 -100987613451.92294 -10412.637908241153 11215.463468815955 0 4e+27 98474502.18426955
-116775770180.33974 -5850769538.584577 53306776638.98049 -1130.5860459654434 22565.41731853948 0 4e+27 98474502.18426955
96517699885.58769 3615047053.6623015 4350403028.1360855 701.3044135210117 -18724.040906766626 0 4e+27 98474502.18426955
71737951992.17717 87363050745.97385 21159491699.29884 17315.192066789423 -14218.32693130753 0 4e+27 98474502.18426955
15618812525.101833 -13570514707.608772 24365192851.48443 -2523.841977617428 -2904.7840513585693 0 4e+27 98474502.18426955